2.850000000000000000e+09 9.977322023820992536e-01
2.851000000000000000e+09 1.022011651408033739e+00
2.852000000000000000e+09 1.022899850523169007e+00
2.853000000000000000e+09 9.986044307945970422e-01
2.854000000000000000e+09 9.813307572544973656e-01
2.855000000000000000e+09 9.783605052422108539e-01
2.856000000000000000e+09 9.986094985716617023e-01
2.857000000000000000e+09 1.001026527858013937e+00
2.858000000000000000e+09 1.020842989520480248e+00
2.859000000000000000e+09 9.950958724319789450e-01
2.860000000000000000e+09 1.003165979859403034e+00
2.861000000000000000e+09 1.019651160100858212e+00
2.862000000000000000e+09 1.023921859875454476e+00
2.863000000000000000e+09 9.787681164136392553e-01
2.864000000000000000e+09 9.861304801383588003e-01
2.865000000000000000e+09 1.016290556406401313e+00
2.866000000000000000e+09 1.017662622941427619e+00
2.867000000000000000e+09 1.015244689311336490e+00
2.868000000000000000e+09 1.016016433566433452e+00
2.869000000000000000e+09 1.015440529549124671e+00
2.870000000000000000e+09 9.705501251800072726e-01
2.871000000000000000e+09 1.001176011324346415e+00
2.872000000000000000e+09 9.677844954319229087e-01
2.873000000000000000e+09 9.894399596402367880e-01
2.874000000000000000e+09 1.012721719168250489e+00
2.875000000000000000e+09 1.015807160050550939e+00
2.876000000000000000e+09 1.017514039706465701e+00
2.877000000000000000e+09 1.020458386559468522e+00
2.878000000000000000e+09 1.016618782040448421e+00
2.879000000000000000e+09 1.001087828458624873e+00
2.880000000000000000e+09 9.967465829567497826e-01
2.881000000000000000e+09 9.987858129638242932e-01
2.882000000000000000e+09 1.001113348963442062e+00
2.883000000000000000e+09 9.795926892807346187e-01
2.884000000000000000e+09 9.975964210824923573e-01
2.885000000000000000e+09 9.805206258140235498e-01
2.886000000000000000e+09 9.800072235927040909e-01
2.887000000000000000e+09 1.002221536476623820e+00
2.888000000000000000e+09 1.020576936235935817e+00
2.889000000000000000e+09 1.018097262988886476e+00
2.890000000000000000e+09 9.771584900894628722e-01
2.891000000000000000e+09 9.830623301594387797e-01
2.892000000000000000e+09 9.991990623168587327e-01
2.893000000000000000e+09 1.015231370212133388e+00
2.894000000000000000e+09 1.019171866137265958e+00
2.895000000000000000e+09 1.000042806967721409e+00
2.896000000000000000e+09 9.972310719380137467e-01
2.897000000000000000e+09 9.762946757911826756e-01
2.898000000000000000e+09 9.947348793984064352e-01
2.899000000000000000e+09 9.806625448121076838e-01
2.900000000000000000e+09 9.783060390623078417e-01
