bins	start time(ps)	counts
0	0	20
1	6960871	16
2	13920909	16
3	20880924	17
4	27841465	14
5	34801975	20
6	41762524	17
7	48722493	16
8	55682993	17
9	62643611	22
10	69603946	16
11	76564123	19
12	83524706	21
13	90485229	10
14	97445093	12
15	104405454	23
16	111366329	11
17	118326410	23
18	125286509	12
19	132247260	11
20	139207646	12
21	146167791	15
22	153128303	17
23	160088861	14
24	167049103	14
25	174009184	18
26	180969965	16
27	187930356	10
28	194890886	10
29	201850845	21
30	208811294	19
31	215771878	18
32	222732144	14
33	229692433	17
34	236652887	7
35	243613072	13
36	250573677	15
37	257534286	18
38	264494200	19
39	271454471	14
40	278415167	17
41	285375467	15
42	292335695	16
43	299296213	20
44	306256689	16
45	313216907	18
46	320177389	18
47	327137880	22
48	334098038	11
49	341058503	13
50	348019018	14
51	354979677	18
52	361939747	18
53	368900272	12
54	375860722	18
55	382820757	16
56	389780957	10
57	396741527	15
58	403701778	17
59	410662055	14
60	417622490	8
61	424582761	20
62	431543251	15
63	438503476	22
64	445464387	17
65	452424608	19
66	459384833	18
67	466344969	18
68	473305757	17
69	480266143	15
70	487226261	17
71	494186789	19
72	501147320	13
73	508107297	14
74	515067648	10
75	522028247	13
76	528988716	12
77	535948980	18
78	542909029	17
79	549869988	19
80	556830363	10
81	563790471	17
82	570750852	14
83	577711124	11
84	584671555	12
85	591632088	14
86	598592501	9
87	605552586	17
88	612513136	13
89	619473735	23
90	626433996	14
91	633394051	10
92	640354707	22
93	647314669	24
94	654275144	18
95	661235595	19
96	668196227	14
97	675156766	23
98	682116542	21
99	689077273	11
100	696037863	23
101	702997999	16
102	709958317	16
103	716918769	12
104	723879360	11
105	730839556	22
106	737799647	16
107	744760591	19
108	751720714	11
109	758680586	15
110	765641303	18
111	772601792	15
112	779562147	12
113	786522275	21
114	793482916	12
115	800443589	14
116	807403631	19
117	814364013	25
118	821324572	16
119	828284778	13
120	835245344	13
121	842205546	13
122	849166043	18
123	856126378	16
124	863086466	17
125	870047212	13
126	877007477	10
127	883967311	18
128	890927906	17
129	897888538	22
130	904849013	16
131	911809110	15
132	918769373	15
133	925730127	20
134	932690368	24
135	939650755	19
136	946611519	18
137	953571731	16
138	960531969	16
139	967492339	11
140	974452691	23
141	981413242	12
142	988373236	12
143	995333695	17
144	1002294198	19
145	1009254430	17
146	1016214942	15
147	1023175420	16
148	1030135756	6
149	1037095619	20
150	1044056379	15
151	1051016838	26
152	1057977325	12
153	1064937253	25
154	1071898156	13
155	1078858435	15
156	1085818465	15
157	1092779080	15
158	1099739238	18
159	1106699594	12
160	1113660185	19
161	1120620741	13
162	1127580837	18
163	1134541151	13
164	1141501828	16
165	1148462141	13
166	1155422108	24
167	1162382622	11
168	1169343275	25
169	1176303640	21
170	1183263798	15
171	1190224567	17
172	1197184981	9
173	1204145101	16
174	1211105424	18
175	1218065940	18
176	1225026314	15
177	1231986541	12
178	1238946953	15
179	1245907246	17
180	1252867506	8
181	1259828474	11
182	1266788600	17
183	1273748481	20
184	1280709213	14
185	1287669374	12
186	1294629876	15
187	1301590169	19
188	1308550679	17
189	1315511271	16
190	1322471242	15
191	1329431519	10
192	1336392388	18
193	1343352864	20
194	1350312873	15
195	1357273533	13
196	1364233798	22
197	1371193998	16
198	1378154504	17
199	1385115165	17
200	1392075241	18
201	1399035303	16
202	1405996068	11
203	1412956217	15
204	1419916511	21
205	1426876699	18
206	1433837479	14
207	1440798137	19
208	1447758404	13
209	1454718517	14
210	1461679144	21
211	1468639607	17
212	1475599759	20
213	1482560397	18
214	1489520376	18
215	1496480779	9
216	1503441555	14
217	1510402027	13
218	1517361652	18
219	1524321969	16
220	1531282873	13
221	1538243118	23
222	1545203243	14
223	1552163764	8
224	1559124356	11
225	1566084633	20
226	1573044945	12
227	1580005322	13
228	1586965898	13
229	1593926128	16
230	1600886671	18
231	1607846749	10
232	1614807299	16
233	1621767792	20
234	1628728127	24
235	1635687801	20
236	1642648431	20
237	1649609217	11
238	1656569528	12
239	1663529673	14
240	1670489915	21
241	1677450304	14
242	1684410838	17
243	1691371445	12
244	1698332014	13
245	1705292488	11
246	1712252128	11
247	1719212897	18
248	1726173423	13
249	1733133737	14
250	1740093798	17
251	1747054565	16
252	1754014891	13
253	1760975149	24
254	1767935434	10
255	1774895855	25
256	1781856297	16
257	1788816177	21
258	1795777041	23
259	1802737600	9
260	1809697699	11
261	1816658208	18
262	1823618345	12
263	1830578775	15
264	1837539220	9
265	1844499760	13
266	1851460043	13
267	1858420329	11
268	1865380916	16
269	1872341134	18
270	1879301486	14
271	1886261908	14
272	1893222278	19
273	1900182756	17
274	1907142591	13
275	1914103328	13
276	1921064144	20
277	1928024123	10
278	1934984387	13
279	1941944934	10
280	1948905523	17
281	1955865261	12
282	1962825732	14
283	1969786214	18
284	1976746749	18
285	1983706983	18
286	1990667711	19
287	1997628241	14
288	2004588407	19
289	2011548396	14
290	2018508996	8
291	2025469459	19
292	2032429809	13
293	2039389704	11
294	2046350581	24
295	2053311246	22
296	2060271017	15
297	2067231836	16
298	2074192192	19
299	2081152529	21
300	2088112904	18
301	2095073234	17
302	2102033795	15
303	2108993623	19
304	2115954603	11
305	2122915021	19
306	2129875122	14
307	2136835247	11
308	2143795633	23
309	2150756267	22
310	2157716441	16
311	2164676737	11
312	2171637235	18
313	2178597828	14
314	2185557864	14
315	2192518388	25
316	2199479059	18
317	2206439085	22
318	2213399556	15
319	2220359915	14
320	2227320736	15
321	2234281060	25
322	2241241497	21
323	2248201368	16
324	2255161738	8
325	2262122321	20
326	2269082644	17
327	2276042968	14
328	2283003105	16
329	2289963825	27
330	2296924031	22
331	2303884420	12
332	2310844888	17
333	2317805196	24
334	2324765736	19
335	2331725900	13
336	2338686302	14
337	2345646777	19
338	2352607088	12
339	2359567726	14
340	2366528001	16
341	2373488491	17
342	2380448820	9
343	2387409016	17
344	2394369477	10
345	2401329649	21
346	2408289928	12
347	2415250374	16
348	2422210597	11
349	2429171303	11
350	2436131775	14
351	2443092050	10
352	2450052443	17
353	2457012771	12
354	2463973158	24
355	2470933518	19
356	2477894054	9
357	2484854470	13
358	2491814792	18
359	2498775013	19
360	2505735221	16
361	2512695681	14
362	2519656228	12
363	2526616264	16
364	2533576695	13
365	2540537305	17
366	2547497969	17
367	2554458307	14
368	2561418531	14
369	2568378774	11
370	2575338860	20
371	2582299426	18
372	2589259969	12
373	2596220323	16
374	2603180713	16
375	2610141382	22
376	2617101471	24
377	2624062009	23
378	2631022263	15
379	2637982658	15
380	2644943035	14
381	2651903242	10
382	2658863517	19
383	2665823885	19
384	2672784250	18
385	2679744877	11
386	2686705308	20
387	2693665556	12
388	2700625850	23
389	2707586337	15
390	2714546782	15
391	2721506949	14
392	2728467501	21
393	2735428018	21
394	2742388420	14
395	2749348584	18
396	2756308959	17
397	2763269638	10
398	2770229867	9
399	2777190118	12
400	2784150589	11
401	2791110711	11
402	2798071178	16
403	2805031684	18
404	2811991704	15
405	2818951926	16
406	2825912695	16
407	2832873116	17
408	2839833677	15
409	2846793854	21
410	2853754056	11
411	2860714772	15
412	2867675182	20
413	2874635655	14
414	2881595696	16
415	2888556077	19
416	2895516440	13
417	2902476947	13
418	2909437142	13
419	2916397474	11
420	2923358045	22
421	2930318156	17
422	2937278566	17
423	2944239042	15
424	2951199480	16
425	2958159950	16
426	2965120224	15
427	2972080472	15
428	2979040717	24
429	2986001386	12
430	2992961722	21
431	2999922128	24
432	3006882404	16
433	3013842847	13
434	3020803344	10
435	3027763535	27
436	3034723828	14
437	3041684292	16
438	3048644417	8
439	3055604930	17
440	3062565647	13
441	3069525797	13
442	3076486516	21
443	3083446794	20
444	3090407135	16
445	3097367335	18
446	3104327426	15
447	3111288161	17
448	3118248689	12
449	3125209116	20
450	3132168642	18
451	3139129543	8
452	3146090060	17
453	3153050430	18
454	3160010677	18
455	3166970887	15
456	3173931520	13
457	3180891891	12
458	3187852456	20
459	3194812496	17
460	3201773061	16
461	3208732919	12
462	3215693562	16
463	3222654158	15
464	3229614522	16
465	3236574369	17
466	3243535248	20
467	3250495671	15
468	3257455962	19
469	3264415925	20
470	3271376653	23
471	3278337012	16
472	3285297399	11
473	3292257886	14
474	3299218094	14
475	3306178485	17
476	3313138704	12
477	3320099375	14
478	3327060028	18
479	3334020216	23
480	3340980497	20
481	3347940669	17
482	3354900596	22
483	3361861556	17
484	3368822323	19
485	3375782350	15
486	3382742751	14
487	3389703247	20
488	3396663680	13
489	3403623493	10
490	3410583854	12
491	3417544455	13
492	3424505105	15
493	3431465106	13
494	3438425495	21
495	3445386081	15
496	3452346528	13
497	3459306287	14
498	3466267128	19
499	3473227718	17
500	3480188122	18
501	3487148425	14
502	3494108763	17
503	3501068859	15
504	3508029550	17
505	3514990035	19
506	3521949913	22
507	3528910378	19
508	3535870738	12
509	3542831341	18
510	3549791428	15
511	3556752089	12
512	3563712468	24
513	3570672731	14
514	3577633073	15
515	3584593732	10
516	3591553952	20
517	3598514208	11
518	3605474517	23
519	3612435239	15
520	3619395640	22
521	3626355765	19
522	3633316162	11
523	3640276638	21
524	3647236645	21
525	3654197422	17
526	3661157842	18
527	3668118103	18
528	3675078154	15
529	3682038732	21
530	3688999232	15
531	3695959490	13
532	3702919792	15
533	3709880407	15
534	3716840880	11
535	3723801227	16
536	3730761725	9
537	3737722021	12
538	3744682284	19
539	3751642892	24
540	3758602980	20
541	3765563270	20
542	3772523247	15
543	3779484088	20
544	3786444677	18
545	3793404692	21
546	3800365288	18
547	3807325571	9
548	3814285757	24
549	3821246074	17
550	3828206625	15
551	3835167001	11
552	3842127782	12
553	3849088078	14
554	3856048307	15
555	3863008510	12
556	3869969117	13
557	3876929654	16
558	3883889619	10
559	3890849897	22
560	3897810661	15
561	3904771036	18
562	3911730998	20
563	3918691537	15
564	3925652075	19
565	3932612501	14
566	3939572682	21
567	3946533003	14
568	3953493468	16
569	3960453568	11
570	3967413880	12
571	3974374790	15
572	3981334948	11
573	3988295190	15
574	3995255955	16
575	4002216679	16
576	4009176644	21
577	4016136511	18
578	4023097631	9
579	4030057686	14
580	4037017527	10
581	4043978026	13
582	4050938702	15
583	4057899147	20
584	4064859406	22
585	4071820201	18
586	4078780493	12
587	4085740392	21
588	4092701110	16
589	4099661213	21
590	4106621697	19
591	4113582290	19
592	4120542772	16
593	4127503092	12
594	4134463093	15
595	4141423635	13
596	4148384140	23
597	4155344209	11
598	4162304871	14
599	4169265095	10
600	4176225617	11
601	4183185717	16
602	4190146263	21
603	4197106588	9
604	4204066784	13
605	4211027165	12
606	4217987987	17
607	4224948377	21
608	4231908638	22
609	4238868987	13
610	4245829459	13
611	4252790096	12
612	4259750021	12
613	4266710479	31
614	4273670775	12
615	4280631196	18
616	4287591783	16
617	4294551893	20
618	4301512284	19
619	4308472659	22
620	4315433057	14
621	4322393184	10
622	4329353703	13
623	4336314155	20
624	4343274492	15
625	4350234945	21
626	4357195548	23
627	4364155711	10
628	4371116290	13
629	4378076654	17
630	4385036995	19
631	4391997415	14
632	4398957584	13
633	4405918065	21
634	4412878660	13
635	4419838764	17
636	4426798915	17
637	4433759206	12
638	4440719835	15
639	4447680122	14
640	4454640400	8
641	4461600759	11
642	4468561144	22
643	4475521583	16
644	4482482261	14
645	4489442614	18
646	4496402715	15
647	4503363251	20
648	4510323611	19
649	4517284132	15
650	4524244392	15
651	4531204769	19
652	4538165059	18
653	4545125432	15
654	4552085662	14
655	4559046125	19
656	4566006739	15
657	4572967052	18
658	4579927544	17
659	4586887788	11
660	4593848226	15
661	4600808642	20
662	4607769104	18
663	4614729123	12
664	4621689339	16
665	4628650083	17
666	4635610018	16
667	4642570721	13
668	4649531104	10
669	4656491194	17
670	4663451576	18
671	4670412167	20
672	4677372784	16
673	4684332974	13
674	4691293207	16
675	4698253530	23
676	4705214108	20
677	4712174595	17
678	4719134813	22
679	4726095426	17
680	4733055511	19
681	4740015794	10
682	4746976440	17
683	4753936908	11
684	4760897343	19
685	4767857666	19
686	4774817999	12
687	4781778387	17
688	4788738846	18
689	4795698978	22
690	4802659170	16
691	4809619701	23
692	4816579926	14
693	4823540611	15
694	4830500899	18
695	4837461300	15
696	4844421770	15
697	4851381905	10
698	4858342195	10
699	4865302703	19
700	4872263241	14
701	4879223497	18
702	4886184020	14
703	4893144525	9
704	4900104730	15
705	4907065031	19
706	4914025114	22
707	4920985620	17
708	4927946156	11
709	4934906361	20
710	4941866694	14
711	4948827213	22
712	4955787727	21
713	4962747984	22
714	4969708309	18
715	4976669163	17
716	4983629448	12
717	4990589635	14
718	4997550045	19
719	5004510317	14
720	5011470984	13
721	5018431182	11
722	5025391382	16
723	5032351814	20
724	5039312060	19
725	5046272514	23
726	5053232773	21
727	5060193265	16
728	5067153493	17
729	5074113951	13
730	5081074473	15
731	5088034926	14
732	5094995092	20
733	5101955309	21
734	5108916127	15
735	5115876569	16
736	5122836826	17
737	5129797176	22
738	5136757386	16
739	5143717511	17
740	5150678434	12
741	5157638761	27
742	5164599152	15
743	5171559309	17
744	5178519763	13
745	5185480149	17
746	5192440293	11
747	5199400670	10
748	5206361183	17
749	5213321506	28
750	5220281965	19
751	5227242200	18
752	5234202798	14
753	5241162884	13
754	5248123483	18
755	5255083681	14
756	5262044330	15
757	5269004658	22
758	5275965325	21
759	5282925494	23
760	5289885607	10
761	5296846109	16
762	5303806545	21
763	5310766807	21
764	5317727127	21
765	5324687206	18
766	5331647559	18
767	5338607994	17
768	5345568779	15
769	5352528985	18
770	5359489640	19
771	5366449940	16
772	5373410564	16
773	5380370945	14
774	5387331051	14
775	5394291381	18
776	5401251968	18
777	5408211855	16
778	5415172532	16
779	5422132677	15
780	5429093020	15
781	5436053176	16
782	5443013821	12
783	5449974191	19
784	5456934660	19
785	5463895099	15
786	5470855356	16
787	5477815916	15
788	5484776319	9
789	5491736657	16
790	5498697104	12
791	5505657334	14
792	5512618035	15
793	5519577867	22
794	5526538522	23
795	5533498972	19
796	5540459175	17
797	5547419372	17
798	5554379793	19
799	5561340294	14
800	5568300581	19
801	5575260811	20
802	5582221661	14
803	5589181719	13
804	5596142324	14
805	5603102717	15
806	5610063157	20
807	5617023421	14
808	5623983919	14
809	5630944479	18
810	5637904525	13
811	5644864718	19
812	5651825452	16
813	5658785560	20
814	5665746010	16
815	5672706270	18
816	5679666604	19
817	5686627261	13
818	5693587374	17
819	5700547645	16
820	5707508040	12
821	5714468436	15
822	5721428881	19
823	5728389090	19
824	5735350026	16
825	5742310423	13
826	5749270586	11
827	5756231357	14
828	5763191427	16
829	5770151669	13
830	5777112009	20
831	5784072458	19
832	5791032728	19
833	5797993016	15
834	5804953318	21
835	5811913658	16
836	5818874159	15
837	5825834353	16
838	5832795000	10
839	5839755465	18
840	5846715556	15
841	5853675965	17
842	5860636610	14
843	5867597124	20
844	5874557449	18
845	5881517945	13
846	5888478283	19
847	5895438441	12
848	5902399068	20
849	5909359305	24
850	5916319281	11
851	5923279794	14
852	5930240179	18
853	5937200453	14
854	5944160883	21
855	5951121121	21
856	5958081711	21
857	5965042342	19
858	5972002250	14
859	5978962748	12
860	5985923255	19
861	5992883548	8
862	5999844154	22
863	6006804398	15
864	6013764892	24
865	6020725300	18
866	6027685765	17
867	6034645925	21
868	6041606533	12
869	6048566647	20
870	6055526957	14
871	6062487346	18
872	6069447826	16
873	6076408083	17
874	6083368560	16
875	6090328728	15
876	6097289005	18
877	6104249531	12
878	6111209973	17
879	6118170169	17
880	6125130690	11
881	6132091033	22
882	6139051584	18
883	6146011925	19
884	6152972181	16
885	6159932666	16
886	6166893061	18
887	6173853233	14
888	6180813759	13
889	6187774035	20
890	6194734711	6
891	6201695118	14
892	6208655168	13
893	6215615466	13
894	6222575948	16
895	6229536481	11
896	6236497079	17
897	6243457340	19
898	6250417760	19
899	6257377882	24
900	6264338066	15
901	6271298594	17
902	6278259186	19
903	6285219303	22
904	6292179978	18
905	6299140527	25
906	6306100600	17
907	6313061095	16
908	6320021370	13
909	6326981721	24
910	6333941785	13
911	6340902404	18
912	6347863147	19
913	6354823023	15
914	6361783867	12
915	6368743988	19
916	6375704131	8
917	6382664559	14
918	6389625131	16
919	6396585445	18
920	6403546006	22
921	6410506230	17
922	6417466541	19
923	6424427197	12
924	6431387184	22
925	6438347707	16
926	6445308138	10
927	6452268447	18
928	6459228740	10
929	6466189287	15
930	6473149475	14
931	6480109862	15
932	6487070251	13
933	6494030470	17
934	6500990860	20
935	6507951310	16
936	6514911947	15
937	6521872501	13
938	6528832713	16
939	6535792900	13
940	6542753500	17
941	6549713763	15
942	6556673956	16
943	6563634175	17
944	6570594627	24
945	6577555317	20
946	6584515557	12
947	6591475997	21
948	6598436330	18
949	6605396744	14
950	6612356779	15
951	6619317544	16
952	6626277884	11
953	6633238204	14
954	6640198898	18
955	6647159115	19
956	6654119531	17
957	6661079644	13
958	6668039830	15
959	6675000104	15
960	6681960519	14
961	6688921038	13
962	6695881726	14
963	6702841939	16
964	6709802281	21
965	6716762731	14
966	6723723108	16
967	6730683511	18
968	6737644102	10
969	6744604318	15
970	6751564415	21
971	6758524852	20
972	6765485551	18
973	6772445811	22
974	6779406160	19
975	6786366307	20
976	6793326944	18
977	6800287335	24
978	6807247765	14
979	6814208065	24
980	6821168253	13
981	6828128473	16
982	6835088990	12
983	6842049630	16
984	6849009811	20
985	6855970471	21
986	6862930319	10
987	6869890753	16
988	6876851592	16
989	6883811689	18
990	6890772041	18
991	6897732948	16
992	6904692928	11
993	6911653127	20
994	6918613699	22
995	6925573965	17
996	6932534312	12
997	6939494888	16
998	6946455106	14
999	6953415425	18
