bins	start time(ps)	counts
0	0	11
1	7010184	18
2	14020542	17
3	21030958	14
4	28041513	14
5	35052096	26
6	42061817	18
7	49072299	19
8	56082942	17
9	63093253	12
10	70103113	13
11	77113728	15
12	84124274	14
13	91134322	16
14	98145009	18
15	105155805	18
16	112166024	17
17	119176108	11
18	126186773	24
19	133196839	19
20	140207126	22
21	147217796	16
22	154228248	14
23	161238466	16
24	168248994	19
25	175259066	11
26	182269400	18
27	189279618	16
28	196290326	10
29	203300722	22
30	210311041	13
31	217321331	14
32	224331953	13
33	231342338	11
34	238352303	14
35	245362943	11
36	252373701	13
37	259383776	18
38	266394102	18
39	273404621	8
40	280415103	19
41	287425155	15
42	294435668	18
43	301446096	12
44	308456306	16
45	315466498	15
46	322477353	11
47	329487807	18
48	336497627	16
49	343508110	17
50	350519006	18
51	357529277	20
52	364539393	16
53	371549948	20
54	378560294	17
55	385570405	19
56	392580863	19
57	399591556	19
58	406601882	17
59	413611708	15
60	420622064	17
61	427632894	9
62	434643316	19
63	441653171	13
64	448664023	15
65	455674495	17
66	462684714	16
67	469695288	17
68	476705799	13
69	483716378	21
70	490725906	15
71	497736622	14
72	504747268	18
73	511757345	14
74	518767290	22
75	525777984	15
76	532788618	20
77	539798759	15
78	546809307	14
79	553819913	14
80	560830090	16
81	567840389	19
82	574851103	17
83	581861338	19
84	588871231	16
85	595881727	17
86	602892425	12
87	609902811	19
88	616913005	22
89	623923109	18
90	630933557	21
91	637943796	15
92	644954689	24
93	651965261	11
94	658975060	15
95	665985710	12
96	672996408	24
97	680006323	14
98	687016565	20
99	694027435	18
100	701037830	25
101	708048128	13
102	715058447	20
103	722069264	22
104	729079537	16
105	736089462	16
106	743099729	20
107	750110099	16
108	757120564	16
109	764131078	10
110	771141389	11
111	778151569	17
112	785162190	15
113	792172834	15
114	799182713	13
115	806193030	18
116	813203877	17
117	820214202	15
118	827224330	15
119	834234586	10
120	841245184	13
121	848255630	18
122	855265674	15
123	862276109	18
124	869286661	15
125	876296834	23
126	883307168	17
127	890318092	14
128	897328312	11
129	904338593	16
130	911348845	9
131	918359653	20
132	925369666	18
133	932379926	21
134	939390639	20
135	946401038	17
136	953410969	12
137	960421637	14
138	967432077	18
139	974442347	20
140	981452531	19
141	988462922	23
142	995473602	18
143	1002483975	21
144	1009494270	15
145	1016504647	15
146	1023514820	19
147	1030525341	16
148	1037536159	21
149	1044546171	16
150	1051556338	15
151	1058566924	14
152	1065577326	10
153	1072587444	23
154	1079597787	12
155	1086608342	12
156	1093619028	16
157	1100629122	11
158	1107639650	17
159	1114650192	15
160	1121660194	17
161	1128670654	14
162	1135681246	11
163	1142691532	18
164	1149702210	15
165	1156712479	15
166	1163722547	19
167	1170732908	15
168	1177743287	22
169	1184753708	17
170	1191763594	12
171	1198774332	13
172	1205784831	22
173	1212795113	14
174	1219805406	14
175	1226815987	16
176	1233826392	20
177	1240836269	14
178	1247846565	16
179	1254857693	22
180	1261868253	13
181	1268878171	14
182	1275888715	19
183	1282899257	12
184	1289909347	15
185	1296919621	17
186	1303930415	14
187	1310940673	15
188	1317950614	16
189	1324961039	21
190	1331971661	13
191	1338982146	18
192	1345992421	22
193	1353002878	16
194	1360012889	17
195	1367023536	17
196	1374034124	23
197	1381044589	16
198	1388054576	11
199	1395064891	12
200	1402075560	13
201	1409085770	19
202	1416096052	14
203	1423106656	11
204	1430117044	16
205	1437126842	15
206	1444137728	11
207	1451148271	17
208	1458158717	15
209	1465168605	24
210	1472179373	15
211	1479189906	13
212	1486199840	11
213	1493210367	11
214	1500220828	18
215	1507231087	16
216	1514241441	11
217	1521252091	17
218	1528262420	20
219	1535272159	22
220	1542282709	13
221	1549293266	14
222	1556303781	10
223	1563314085	16
224	1570324741	12
225	1577335433	15
226	1584345275	16
227	1591355422	16
228	1598366258	9
229	1605376676	18
230	1612387129	15
231	1619397171	21
232	1626407309	21
233	1633417918	20
234	1640428259	19
235	1647438785	14
236	1654449410	16
237	1661459297	8
238	1668469489	23
239	1675480423	13
240	1682490926	16
241	1689500915	13
242	1696511229	18
243	1703521682	13
244	1710532165	8
245	1717542289	12
246	1724552801	15
247	1731563336	20
248	1738573459	3
249	1745583765	9
250	1752594564	17
251	1759604979	11
252	1766614791	11
253	1773625228	13
254	1780636136	21
255	1787646039	19
256	1794656160	21
257	1801667188	20
258	1808677400	21
259	1815687692	19
260	1822698176	13
261	1829708897	23
262	1836719245	24
263	1843728934	13
264	1850739613	13
265	1857750198	18
266	1864760349	15
267	1871770668	14
268	1878781356	19
269	1885791186	15
270	1892802049	11
271	1899812539	14
272	1906822828	18
273	1913833042	18
274	1920843807	16
275	1927853867	16
276	1934863809	14
277	1941874515	20
278	1948885067	17
279	1955895678	13
280	1962905615	14
281	1969915880	18
282	1976926573	23
283	1983936751	16
284	1990946942	24
285	1997957573	24
286	2004968127	21
287	2011978631	15
288	2018989109	17
289	2025998978	18
290	2033009512	13
291	2040020076	13
292	2047030650	21
293	2054040546	13
294	2061050897	14
295	2068061567	15
296	2075071794	14
297	2082081987	17
298	2089092585	16
299	2096103037	19
300	2103113160	14
301	2110123450	14
302	2117134178	17
303	2124144536	13
304	2131154667	17
305	2138165153	19
306	2145175804	18
307	2152185796	20
308	2159195929	15
309	2166206558	18
310	2173217105	14
311	2180227286	22
312	2187238128	14
313	2194248452	17
314	2201258380	15
315	2208268589	19
316	2215279198	22
317	2222289932	21
318	2229300242	14
319	2236310261	12
320	2243321054	16
321	2250331282	17
322	2257341470	15
323	2264352260	12
324	2271362460	10
325	2278372977	9
326	2285383412	13
327	2292393757	12
328	2299403605	15
329	2306414208	10
330	2313424851	17
331	2320435023	17
332	2327445396	15
333	2334455824	14
334	2341466124	19
335	2348476932	15
336	2355487001	15
337	2362497433	20
338	2369507861	13
339	2376518462	18
340	2383528576	15
341	2390538912	19
342	2397549246	20
343	2404559343	23
344	2411569914	16
345	2418580269	18
346	2425590588	14
347	2432601165	25
348	2439611373	14
349	2446622104	16
350	2453632296	21
351	2460642715	20
352	2467653152	23
353	2474663364	19
354	2481674027	13
355	2488684441	12
356	2495694404	18
357	2502704938	16
358	2509715132	17
359	2516725759	23
360	2523736308	17
361	2530746621	19
362	2537756571	11
363	2544767080	18
364	2551777628	15
365	2558788118	15
366	2565798327	9
367	2572808761	15
368	2579819239	12
369	2586829531	16
370	2593839691	13
371	2600850140	15
372	2607860433	16
373	2614870995	20
374	2621881474	21
375	2628891853	10
376	2635902056	15
377	2642912548	23
378	2649922875	11
379	2656933295	12
380	2663944047	22
381	2670954138	18
382	2677964216	17
383	2684974693	16
384	2691985417	15
385	2698995665	11
386	2706006049	11
387	2713016254	14
388	2720026785	14
389	2727037028	18
390	2734047389	15
391	2741057856	18
392	2748068013	17
393	2755078521	11
394	2762088751	18
395	2769099325	11
396	2776109784	15
397	2783119968	18
398	2790130377	17
399	2797140959	10
400	2804151055	13
401	2811161924	12
402	2818171947	25
403	2825182421	16
404	2832192454	10
405	2839203154	18
406	2846213379	18
407	2853223925	10
408	2860234549	18
409	2867244660	13
410	2874254963	16
411	2881265352	24
412	2888275662	18
413	2895286365	15
414	2902296625	16
415	2909307042	13
416	2916317274	8
417	2923327628	12
418	2930338107	17
419	2937348454	17
420	2944358743	12
421	2951369130	13
422	2958379549	20
423	2965389839	19
424	2972400214	14
425	2979410701	12
426	2986420917	15
427	2993431356	19
428	3000441660	12
429	3007452541	16
430	3014462560	17
431	3021472698	11
432	3028483342	14
433	3035493786	17
434	3042504152	23
435	3049514606	16
436	3056524928	13
437	3063535364	15
438	3070545597	17
439	3077556136	16
440	3084566294	16
441	3091576506	14
442	3098587106	12
443	3105597453	12
444	3112607758	21
445	3119618458	9
446	3126628698	18
447	3133639009	18
448	3140649261	8
449	3147659484	11
450	3154670007	16
451	3161680506	17
452	3168691020	16
453	3175701234	19
454	3182711526	12
455	3189721583	16
456	3196732227	14
457	3203742811	16
458	3210753292	19
459	3217763653	13
460	3224773870	21
461	3231784197	17
462	3238795024	19
463	3245804974	16
464	3252815752	12
465	3259826052	12
466	3266836337	20
467	3273846503	19
468	3280857068	13
469	3287867336	17
470	3294877859	16
471	3301888061	12
472	3308898580	18
473	3315908760	23
474	3322919083	21
475	3329929561	16
476	3336940117	17
477	3343950497	19
478	3350960733	20
479	3357971203	19
480	3364981622	16
481	3371991958	17
482	3379002358	20
483	3386012784	20
484	3393022876	14
485	3400033272	19
486	3407043733	19
487	3414054081	15
488	3421064492	10
489	3428074880	18
490	3435084913	15
491	3442095479	15
492	3449106178	19
493	3456116407	16
494	3463126856	21
495	3470137047	14
496	3477147472	18
497	3484158283	26
498	3491168206	10
499	3498178763	19
500	3505189171	18
501	3512199386	24
502	3519209635	22
503	3526219958	14
504	3533230846	18
505	3540241081	19
506	3547251305	15
507	3554261749	14
508	3561272129	15
509	3568282591	15
510	3575292892	17
511	3582303289	20
512	3589313691	11
513	3596324253	18
514	3603334263	14
515	3610344720	14
516	3617355237	15
517	3624365454	20
518	3631375962	9
519	3638386369	15
520	3645396676	14
521	3652407154	14
522	3659417371	16
523	3666427604	12
524	3673438005	19
525	3680448416	12
526	3687458962	14
527	3694469242	19
528	3701479704	18
529	3708489822	15
530	3715500494	9
531	3722510830	18
532	3729521123	13
533	3736531325	17
534	3743542111	18
535	3750552471	18
536	3757562556	9
537	3764572793	15
538	3771583410	17
539	3778593915	16
540	3785603906	19
541	3792614021	21
542	3799624909	13
543	3806635457	18
544	3813645572	16
545	3820655980	16
546	3827666468	17
547	3834676964	19
548	3841687098	10
549	3848697465	14
550	3855707974	13
551	3862718224	19
552	3869728387	14
553	3876739148	16
554	3883749720	15
555	3890759627	20
556	3897770033	17
557	3904780660	14
558	3911791027	12
559	3918801075	13
560	3925811785	14
561	3932822282	16
562	3939832403	19
563	3946842612	13
564	3953853316	16
565	3960863590	13
566	3967873813	21
567	3974884375	20
568	3981894659	12
569	3988904844	12
570	3995915163	16
571	4002925978	17
572	4009936466	16
573	4016946592	11
574	4023956997	23
575	4030967348	14
576	4037977767	15
577	4044987859	17
578	4051998537	14
579	4059009233	11
580	4066019370	10
581	4073029700	14
582	4080039920	20
583	4087050296	9
584	4094061052	15
585	4101071510	15
586	4108081555	10
587	4115091699	21
588	4122102234	15
589	4129112991	16
590	4136123033	10
591	4143133502	14
592	4150143876	16
593	4157154382	16
594	4164164856	13
595	4171175119	18
596	4178185055	15
597	4185195658	11
598	4192206015	16
599	4199216310	16
600	4206226357	14
601	4213237217	17
602	4220247933	19
603	4227257940	17
604	4234267918	17
605	4241278738	13
606	4248289428	11
607	4255299489	17
608	4262309749	23
609	4269320256	14
610	4276330527	16
611	4283340819	18
612	4290351322	21
613	4297361834	8
614	4304371989	21
615	4311382820	15
616	4318393447	18
617	4325403337	19
618	4332413374	13
619	4339423925	17
620	4346434548	13
621	4353444860	15
622	4360455091	20
623	4367465488	19
624	4374476221	15
625	4381486343	19
626	4388496723	14
627	4395506869	18
628	4402517300	13
629	4409527759	20
630	4416538275	14
631	4423548212	21
632	4430558991	17
633	4437569525	16
634	4444579509	18
635	4451589760	18
636	4458600309	13
637	4465611170	20
638	4472621151	20
639	4479631750	14
640	4486642159	20
641	4493652313	12
642	4500662724	19
643	4507673013	15
644	4514683419	14
645	4521693844	15
646	4528704223	15
647	4535714560	19
648	4542724771	24
649	4549735274	16
650	4556745923	19
651	4563756351	19
652	4570766247	18
653	4577776792	15
654	4584787562	9
655	4591797429	20
656	4598808039	12
657	4605818659	11
658	4612828866	16
659	4619838924	18
660	4626849341	20
661	4633859929	15
662	4640870220	16
663	4647880308	23
664	4654891056	16
665	4661901407	15
666	4668911779	19
667	4675922352	11
668	4682932975	12
669	4689943112	17
670	4696952971	19
671	4703963701	13
672	4710974274	19
673	4717984217	21
674	4724995098	16
675	4732005580	15
676	4739015457	13
677	4746025970	10
678	4753036274	11
679	4760046565	14
680	4767056928	17
681	4774067541	16
682	4781077869	19
683	4788087957	16
684	4795098543	23
685	4802109202	14
686	4809119313	14
687	4816129594	13
688	4823140178	19
689	4830150599	9
690	4837160598	21
691	4844171129	11
692	4851181666	19
693	4858192250	17
694	4865202053	11
695	4872212633	12
696	4879223310	18
697	4886233292	24
698	4893243900	17
699	4900254190	13
700	4907264666	16
701	4914274802	18
702	4921285438	9
703	4928295804	14
704	4935306365	15
705	4942316874	13
706	4949327159	15
707	4956337407	21
708	4963347588	14
709	4970358257	13
710	4977368617	12
711	4984378874	16
712	4991389462	20
713	4998399596	18
714	5005410070	15
715	5012420455	16
716	5019430828	18
717	5026440886	21
718	5033451523	19
719	5040462128	17
720	5047472532	9
721	5054482672	11
722	5061493067	16
723	5068503366	24
724	5075513604	15
725	5082523907	18
726	5089534410	15
727	5096544951	10
728	5103555483	15
729	5110565642	14
730	5117576212	13
731	5124586649	16
732	5131597140	16
733	5138607425	20
734	5145617698	16
735	5152628005	14
736	5159638186	16
737	5166648964	14
738	5173659024	16
739	5180669516	20
740	5187679775	20
741	5194690005	19
742	5201700513	9
743	5208710821	13
744	5215721338	20
745	5222731559	12
746	5229742175	15
747	5236752589	16
748	5243763016	24
749	5250773286	14
750	5257783670	25
751	5264794260	18
752	5271804573	16
753	5278814757	14
754	5285825402	21
755	5292835268	17
756	5299846030	13
757	5306856479	12
758	5313866685	16
759	5320877076	16
760	5327887619	11
761	5334897955	13
762	5341908421	18
763	5348918563	25
764	5355928922	15
765	5362939371	14
766	5369950038	7
767	5376960096	16
768	5383970577	17
769	5390980825	20
770	5397991032	21
771	5405001740	19
772	5412012088	19
773	5419022439	19
774	5426032621	15
775	5433042890	18
776	5440053391	13
777	5447063874	14
778	5454074435	10
779	5461084627	18
780	5468094927	19
781	5475105320	16
782	5482115745	19
783	5489126147	16
784	5496136425	15
785	5503146791	17
786	5510157638	17
787	5517167617	12
788	5524177948	19
789	5531188378	14
790	5538198911	17
791	5545209197	12
792	5552219441	15
793	5559230029	12
794	5566240240	11
795	5573250898	23
796	5580261062	17
797	5587271524	19
798	5594281828	15
799	5601292544	18
800	5608302598	18
801	5615313098	12
802	5622323586	13
803	5629333741	22
804	5636344239	13
805	5643354457	14
806	5650364862	12
807	5657375014	13
808	5664385396	14
809	5671396001	20
810	5678406543	13
811	5685416758	15
812	5692427239	16
813	5699437312	14
814	5706447871	18
815	5713458502	13
816	5720468549	20
817	5727478937	10
818	5734489417	18
819	5741499915	17
820	5748510195	16
821	5755520386	16
822	5762530898	13
823	5769541153	14
824	5776551387	11
825	5783562009	20
826	5790572364	14
827	5797582697	11
828	5804593328	12
829	5811603585	18
830	5818614072	9
831	5825624557	16
832	5832634561	13
833	5839645027	12
834	5846655250	15
835	5853665794	17
836	5860676192	12
837	5867686411	14
838	5874696933	21
839	5881707482	25
840	5888717892	13
841	5895728293	18
842	5902738359	22
843	5909748864	17
844	5916759274	15
845	5923769986	14
846	5930779943	19
847	5937790225	13
848	5944800878	18
849	5951811095	17
850	5958821392	15
851	5965831768	21
852	5972842202	18
853	5979852755	22
854	5986863091	14
855	5993873524	16
856	6000883752	14
857	6007894112	12
858	6014904600	8
859	6021914988	14
860	6028925513	15
861	6035935839	15
862	6042946011	15
863	6049956196	19
864	6056966752	18
865	6063977048	14
866	6070987729	18
867	6077998029	19
868	6085008290	20
869	6092018577	18
870	6099028910	18
871	6106039274	24
872	6113049734	16
873	6120060173	14
874	6127070457	15
875	6134080900	16
876	6141091219	15
877	6148101790	14
878	6155112135	24
879	6162122800	19
880	6169133128	19
881	6176143496	18
882	6183153584	8
883	6190164169	13
884	6197174458	14
885	6204184848	20
886	6211195498	21
887	6218205369	13
888	6225215440	12
889	6232226104	16
890	6239236531	17
891	6246247118	16
892	6253257435	21
893	6260267872	13
894	6267278175	16
895	6274288664	15
896	6281299011	12
897	6288309226	11
898	6295319738	13
899	6302330227	10
900	6309340273	15
901	6316351039	18
902	6323361262	16
903	6330371835	17
904	6337382001	21
905	6344392201	15
906	6351402711	17
907	6358412940	22
908	6365423216	18
909	6372433727	20
910	6379444182	15
911	6386454672	11
912	6393464876	18
913	6400475342	12
914	6407485913	20
915	6414496067	15
916	6421506516	22
917	6428516843	14
918	6435527355	23
919	6442537579	16
920	6449547788	10
921	6456558255	17
922	6463568774	13
923	6470579199	18
924	6477589707	19
925	6484599816	12
926	6491610321	13
927	6498620595	21
928	6505631076	17
929	6512641396	25
930	6519651736	10
931	6526662029	15
932	6533672395	16
933	6540683011	15
934	6547693230	17
935	6554703509	22
936	6561713959	14
937	6568724687	18
938	6575734866	16
939	6582745227	16
940	6589755554	16
941	6596765770	18
942	6603776527	19
943	6610786646	21
944	6617797023	17
945	6624807662	21
946	6631818038	13
947	6638827988	22
948	6645838531	14
949	6652848850	20
950	6659859030	17
951	6666869599	18
952	6673880056	19
953	6680890597	12
954	6687901048	13
955	6694911530	12
956	6701921663	20
957	6708932039	16
958	6715942584	15
959	6722952591	17
960	6729963113	15
961	6736973349	18
962	6743984171	14
963	6750994289	16
964	6758004598	17
965	6765015087	14
966	6772025445	15
967	6779035661	14
968	6786046219	15
969	6793056478	11
970	6800066850	21
971	6807077312	17
972	6814087718	20
973	6821098167	24
974	6828108369	14
975	6835118904	17
976	6842129389	18
977	6849139514	19
978	6856149758	20
979	6863159990	18
980	6870170723	17
981	6877180931	17
982	6884191662	12
983	6891201951	17
984	6898212198	24
985	6905222562	17
986	6912232939	16
987	6919243404	17
988	6926253793	14
989	6933264079	16
990	6940274533	17
991	6947285101	21
992	6954295364	20
993	6961305241	22
994	6968315977	24
995	6975326491	13
996	6982336436	8
997	6989346792	14
998	6996357519	21
999	7003367891	21
