bins	start time(ps)	counts
0	0	19
1	7060586	19
2	14121307	12
3	21181126	19
4	28241585	14
5	35302235	18
6	42362580	20
7	49422654	14
8	56482916	13
9	63543367	12
10	70603722	15
11	77664245	16
12	84724908	19
13	91784897	21
14	98845433	20
15	105905992	18
16	112966047	20
17	120026535	19
18	127087098	19
19	134147650	23
20	141207907	17
21	148268271	13
22	155328576	19
23	162388724	21
24	169449167	24
25	176509539	17
26	183569670	15
27	190630163	19
28	197690719	13
29	204751095	17
30	211811375	23
31	218872098	13
32	225932365	13
33	232992474	17
34	240053070	16
35	247113607	20
36	254174016	15
37	261234050	19
38	268294584	14
39	275355049	13
40	282415249	15
41	289475536	22
42	296536232	21
43	303596669	17
44	310656802	10
45	317717046	17
46	324777783	18
47	331838057	22
48	338898426	16
49	345958924	13
50	353019434	18
51	360079422	12
52	367139674	21
53	374200297	16
54	381260636	19
55	388320675	22
56	395381394	16
57	402442001	22
58	409502637	16
59	416562551	17
60	423622769	16
61	430683427	14
62	437743880	15
63	444804175	20
64	451864749	18
65	458924873	13
66	465985276	16
67	473045863	16
68	480105799	19
69	487166432	25
70	494226416	21
71	501286793	19
72	508347513	18
73	515408157	12
74	522468535	15
75	529528659	19
76	536588961	14
77	543649647	17
78	550709891	18
79	557770320	13
80	564830474	17
81	571890642	18
82	578951267	13
83	586011916	11
84	593072054	14
85	600132130	19
86	607192671	14
87	614253500	19
88	621313611	16
89	628373720	14
90	635434652	24
91	642495037	12
92	649554850	24
93	656615475	20
94	663676261	18
95	670736380	17
96	677796387	16
97	684857147	18
98	691917450	12
99	698977613	15
100	706038147	14
101	713098683	19
102	720158891	23
103	727218966	24
104	734279894	15
105	741340474	12
106	748400323	17
107	755460884	13
108	762521551	14
109	769581728	14
110	776641874	15
111	783702471	20
112	790762463	12
113	797822841	16
114	804883789	16
115	811944031	15
116	819004236	19
117	826064873	14
118	833125168	21
119	840185383	15
120	847245777	21
121	854306552	19
122	861366942	21
123	868426654	15
124	875487272	19
125	882547990	23
126	889608063	17
127	896668168	21
128	903729022	14
129	910789417	19
130	917849402	17
131	924909906	16
132	931970504	15
133	939030840	22
134	946090951	15
135	953151650	16
136	960212054	17
137	967272456	21
138	974332401	22
139	981393332	17
140	988453576	13
141	995513540	16
142	1002574116	15
143	1009635046	21
144	1016695150	16
145	1023754986	14
146	1030815994	17
147	1037876322	16
148	1044936606	17
149	1051996970	19
150	1059057640	17
151	1066117616	13
152	1073177714	15
153	1080238395	18
154	1087298825	12
155	1094359133	17
156	1101419019	26
157	1108480048	12
158	1115540650	15
159	1122600778	19
160	1129661131	18
161	1136721111	18
162	1143781783	15
163	1150842445	20
164	1157902814	18
165	1164962933	15
166	1172023104	23
167	1179083717	19
168	1186144228	15
169	1193204594	13
170	1200264999	22
171	1207324918	19
172	1214385776	16
173	1221446337	15
174	1228506422	17
175	1235566560	10
176	1242627244	22
177	1249687686	13
178	1256747940	12
179	1263808441	17
180	1270868738	20
181	1277929090	23
182	1284989839	17
183	1292049964	16
184	1299109976	13
185	1306170336	20
186	1313231218	18
187	1320291364	19
188	1327351484	8
189	1334412304	17
190	1341472729	17
191	1348532684	17
192	1355593443	21
193	1362653885	16
194	1369714078	12
195	1376774105	16
196	1383834604	20
197	1390895385	17
198	1397955465	15
199	1405015475	18
200	1412076767	15
201	1419136975	15
202	1426196942	16
203	1433257136	23
204	1440317899	17
205	1447377982	11
206	1454438770	22
207	1461499077	22
208	1468559200	13
209	1475619726	21
210	1482680193	14
211	1489740381	12
212	1496800532	15
213	1503861440	22
214	1510922067	16
215	1517982223	18
216	1525042455	13
217	1532103001	16
218	1539163525	15
219	1546223071	15
220	1553284052	16
221	1560344344	13
222	1567404592	21
223	1574464728	11
224	1581525442	14
225	1588586045	20
226	1595646024	16
227	1602706681	12
228	1609767153	12
229	1616827354	17
230	1623887909	23
231	1630948507	18
232	1638008600	14
233	1645068905	16
234	1652129345	9
235	1659189672	16
236	1666250162	11
237	1673310361	17
238	1680370722	17
239	1687431529	17
240	1694491726	15
241	1701552054	15
242	1708612115	15
243	1715672672	13
244	1722733319	22
245	1729793557	16
246	1736854216	19
247	1743914576	23
248	1750974817	14
249	1758034975	19
250	1765095381	16
251	1772155759	24
252	1779216153	22
253	1786276511	11
254	1793336950	22
255	1800397363	18
256	1807457789	21
257	1814518140	10
258	1821578449	20
259	1828638876	19
260	1835699334	12
261	1842759598	13
262	1849820240	13
263	1856880430	22
264	1863940656	15
265	1871001153	21
266	1878061540	14
267	1885121967	14
268	1892182473	18
269	1899242577	17
270	1906303224	24
271	1913363590	14
272	1920423885	14
273	1927484490	27
274	1934544620	18
275	1941605094	20
276	1948665471	20
277	1955725905	19
278	1962786286	16
279	1969846768	18
280	1976906864	19
281	1983967302	14
282	1991027660	11
283	1998088173	14
284	2005148480	14
285	2012208797	12
286	2019269194	16
287	2026329511	17
288	2033390102	21
289	2040450490	10
290	2047510820	15
291	2054571392	19
292	2061631519	20
293	2068691737	11
294	2075752274	17
295	2082812443	13
296	2089872893	13
297	2096932970	20
298	2103993692	22
299	2111054160	14
300	2118114728	19
301	2125174901	17
302	2132235547	22
303	2139295769	19
304	2146355872	26
305	2153416440	12
306	2160476780	23
307	2167537341	20
308	2174597756	13
309	2181657683	14
310	2188718317	15
311	2195778719	16
312	2202839025	19
313	2209899433	11
314	2216959794	11
315	2224020204	19
316	2231080577	15
317	2238141144	18
318	2245201300	13
319	2252261922	15
320	2259322127	18
321	2266382481	15
322	2273442911	14
323	2280503344	16
324	2287563648	17
325	2294624306	19
326	2301685003	14
327	2308745114	10
328	2315805225	6
329	2322865771	25
330	2329926034	15
331	2336986357	17
332	2344046991	14
333	2351107331	12
334	2358167449	19
335	2365227669	26
336	2372287937	17
337	2379348595	15
338	2386409024	21
339	2393469264	21
340	2400529816	15
341	2407590207	16
342	2414650637	14
343	2421711038	23
344	2428771141	15
345	2435831817	18
346	2442891903	11
347	2449952518	15
348	2457012992	12
349	2464073357	19
350	2471133762	13
351	2478193883	8
352	2485254504	21
353	2492314383	17
354	2499374898	16
355	2506435551	18
356	2513495852	13
357	2520556375	15
358	2527616734	19
359	2534677002	13
360	2541737385	15
361	2548798109	15
362	2555858556	14
363	2562918590	17
364	2569978791	11
365	2577039137	17
366	2584099686	18
367	2591160133	14
368	2598220332	20
369	2605281070	20
370	2612341428	18
371	2619401826	11
372	2626462139	15
373	2633522326	20
374	2640582845	13
375	2647643382	22
376	2654703579	13
377	2661763881	15
378	2668824237	14
379	2675884385	12
380	2682944798	9
381	2690005452	22
382	2697065881	17
383	2704125865	17
384	2711186479	17
385	2718247002	15
386	2725307385	18
387	2732367595	12
388	2739427905	19
389	2746488575	14
390	2753548941	20
391	2760609614	12
392	2767669497	12
393	2774729996	22
394	2781790077	10
395	2788850989	12
396	2795911083	23
397	2802971092	15
398	2810031584	10
399	2817092264	16
400	2824152703	12
401	2831212858	16
402	2838273530	18
403	2845334020	16
404	2852394062	15
405	2859454393	13
406	2866514580	16
407	2873575325	22
408	2880635603	16
409	2887696189	17
410	2894756264	17
411	2901816473	14
412	2908877395	25
413	2915937749	20
414	2922997804	10
415	2930058349	17
416	2937118797	13
417	2944178918	22
418	2951239350	22
419	2958300065	20
420	2965360265	19
421	2972420445	17
422	2979480944	18
423	2986541466	16
424	2993601766	15
425	3000661977	18
426	3007722514	22
427	3014783107	15
428	3021843053	14
429	3028903448	14
430	3035963946	13
431	3043024557	18
432	3050084918	17
433	3057145143	16
434	3064205353	9
435	3071265847	17
436	3078326023	13
437	3085387022	23
438	3092447176	21
439	3099507512	14
440	3106567969	11
441	3113628086	23
442	3120688142	14
443	3127749135	18
444	3134809612	18
445	3141869764	21
446	3148930226	12
447	3155990982	16
448	3163050923	16
449	3170110756	16
450	3177171240	17
451	3184232193	12
452	3191292349	16
453	3198352626	23
454	3205412857	11
455	3212473385	10
456	3219534052	17
457	3226594705	14
458	3233654443	17
459	3240714999	15
460	3247775713	20
461	3254835949	17
462	3261896005	15
463	3268956645	11
464	3276017205	17
465	3283077235	20
466	3290137477	16
467	3297198041	18
468	3304258832	13
469	3311318694	16
470	3318379253	16
471	3325439834	18
472	3332500317	13
473	3339560251	15
474	3346620858	14
475	3353681130	22
476	3360741420	12
477	3367801732	24
478	3374862431	25
479	3381922802	15
480	3388982687	17
481	3396043416	15
482	3403103649	15
483	3410164016	16
484	3417224472	19
485	3424284939	19
486	3431345426	16
487	3438405696	16
488	3445466173	18
489	3452526515	15
490	3459586977	20
491	3466647642	16
492	3473707808	13
493	3480767711	11
494	3487828046	15
495	3494889048	17
496	3501949564	13
497	3509009712	13
498	3516070045	17
499	3523130130	16
500	3530190838	16
501	3537251311	20
502	3544311235	23
503	3551371377	14
504	3558432428	14
505	3565493097	18
506	3572552826	19
507	3579613255	17
508	3586673698	13
509	3593734066	6
510	3600794281	20
511	3607854967	17
512	3614915243	14
513	3621975742	10
514	3629035970	16
515	3636096550	9
516	3643157093	17
517	3650216941	18
518	3657277546	19
519	3664338117	17
520	3671398337	16
521	3678458517	20
522	3685519152	18
523	3692579525	13
524	3699640036	14
525	3706700477	20
526	3713760584	15
527	3720821099	17
528	3727881219	15
529	3734941574	13
530	3742002261	19
531	3749062819	12
532	3756122888	11
533	3763183336	24
534	3770243755	11
535	3777304254	18
536	3784364297	19
537	3791424985	15
538	3798485346	10
539	3805545722	15
540	3812606102	18
541	3819666284	17
542	3826726379	18
543	3833787299	18
544	3840847647	13
545	3847908171	10
546	3854968412	26
547	3862028436	14
548	3869088995	14
549	3876149303	20
550	3883209697	20
551	3890269913	27
552	3897330398	18
553	3904390923	13
554	3911451319	17
555	3918512028	13
556	3925572004	15
557	3932632503	17
558	3939692830	20
559	3946753258	19
560	3953813726	15
561	3960873919	17
562	3967934358	19
563	3974994723	14
564	3982055060	19
565	3989115640	12
566	3996175794	18
567	4003236589	9
568	4010296685	14
569	4017357128	14
570	4024417598	22
571	4031477777	25
572	4038538407	17
573	4045598380	20
574	4052658753	12
575	4059719550	15
576	4066779828	16
577	4073840255	18
578	4080900531	9
579	4087960669	17
580	4095021356	24
581	4102081650	16
582	4109141975	14
583	4116202340	15
584	4123262964	10
585	4130323230	17
586	4137383657	15
587	4144443930	21
588	4151504257	13
589	4158564753	19
590	4165625409	10
591	4172685666	13
592	4179745833	19
593	4186806075	18
594	4193866623	20
595	4200926786	18
596	4207987318	15
597	4215047844	14
598	4222108025	18
599	4229168772	21
600	4236228965	19
601	4243289345	18
602	4250349644	18
603	4257410098	23
604	4264470577	13
605	4271530604	11
606	4278590920	21
607	4285651554	12
608	4292711863	16
609	4299772256	16
610	4306832801	15
611	4313893099	10
612	4320953755	14
613	4328013661	14
614	4335074465	23
615	4342134528	15
616	4349194908	12
617	4356255532	18
618	4363315748	16
619	4370375991	14
620	4377436218	18
621	4384496731	15
622	4391557206	21
623	4398617633	15
624	4405677901	13
625	4412738417	16
626	4419799143	16
627	4426859163	18
628	4433919663	15
629	4440979980	15
630	4448040247	11
631	4455100531	10
632	4462161054	14
633	4469221575	12
634	4476281654	20
635	4483342061	15
636	4490402555	21
637	4497463293	16
638	4504523581	11
639	4511583893	13
640	4518644195	16
641	4525704497	17
642	4532764892	18
643	4539825411	14
644	4546885698	20
645	4553946015	15
646	4561006319	21
647	4568066498	20
648	4575126759	11
649	4582187588	16
650	4589247992	18
651	4596308456	24
652	4603368938	18
653	4610429076	18
654	4617489491	20
655	4624549879	9
656	4631610316	19
657	4638670627	25
658	4645730883	14
659	4652791347	19
660	4659851790	16
661	4666912218	16
662	4673972564	24
663	4681032607	12
664	4688092960	14
665	4695153379	17
666	4702214099	16
667	4709274513	16
668	4716334727	13
669	4723395173	19
670	4730455505	20
671	4737516190	14
672	4744576372	12
673	4751636708	15
674	4758697192	21
675	4765757438	19
676	4772817946	23
677	4779878272	8
678	4786938524	15
679	4793998790	16
680	4801059398	20
681	4808119552	20
682	4815180182	18
683	4822240719	19
684	4829301052	24
685	4836361368	18
686	4843421436	14
687	4850482138	11
688	4857542435	14
689	4864602738	17
690	4871663124	16
691	4878723345	20
692	4885783867	21
693	4892844429	15
694	4899904837	25
695	4906965143	19
696	4914025262	21
697	4921085942	15
698	4928146468	14
699	4935206539	20
700	4942266943	12
701	4949327129	14
702	4956387447	19
703	4963448309	18
704	4970508508	14
705	4977568813	22
706	4984629033	22
707	4991689488	16
708	4998750029	14
709	5005810540	22
710	5012870984	16
711	5019931407	19
712	5026991672	14
713	5034051872	20
714	5041112268	20
715	5048172855	21
716	5055233375	21
717	5062293642	24
718	5069353682	16
719	5076414219	17
720	5083474593	11
721	5090534792	20
722	5097595401	11
723	5104655715	15
724	5111716407	20
725	5118776545	14
726	5125837042	21
727	5132897179	14
728	5139957817	14
729	5147018325	21
730	5154078160	19
731	5161138684	20
732	5168199032	20
733	5175259562	12
734	5182319839	12
735	5189380350	19
736	5196440795	9
737	5203501237	21
738	5210561430	21
739	5217621863	11
740	5224682027	16
741	5231742636	11
742	5238803129	15
743	5245863524	12
744	5252923952	12
745	5259984178	14
746	5267044761	20
747	5274104817	8
748	5281165282	10
749	5288225599	14
750	5295285787	18
751	5302346420	20
752	5309406890	15
753	5316467372	25
754	5323527491	12
755	5330588072	11
756	5337648424	16
757	5344708743	17
758	5351769147	14
759	5358829618	10
760	5365889965	8
761	5372950225	16
762	5380010644	13
763	5387071021	13
764	5394131148	16
765	5401191636	12
766	5408252014	12
767	5415312479	16
768	5422372754	23
769	5429433380	13
770	5436493473	19
771	5443553991	16
772	5450614318	18
773	5457674967	15
774	5464735082	10
775	5471795434	14
776	5478855857	17
777	5485916243	23
778	5492976888	16
779	5500037160	13
780	5507097399	19
781	5514157895	24
782	5521218054	21
783	5528278831	15
784	5535339338	19
785	5542399510	17
786	5549459863	9
787	5556520153	14
788	5563580460	29
789	5570640858	18
790	5577701179	26
791	5584761338	17
792	5591821999	18
793	5598882194	12
794	5605942919	21
795	5613003236	24
796	5620063634	13
797	5627124315	13
798	5634184377	13
799	5641244856	17
800	5648304932	16
801	5655365688	13
802	5662425909	19
803	5669486200	11
804	5676546746	17
805	5683606739	17
806	5690667471	20
807	5697727687	16
808	5704788202	14
809	5711848264	14
810	5718908790	18
811	5725969379	18
812	5733029828	16
813	5740090385	17
814	5747150635	23
815	5754211013	16
816	5761271196	12
817	5768331625	14
818	5775392008	12
819	5782452488	14
820	5789512743	25
821	5796572951	23
822	5803633314	14
823	5810693856	17
824	5817754024	18
825	5824814641	13
826	5831875311	16
827	5838935465	18
828	5845995775	20
829	5853056324	27
830	5860116650	22
831	5867176972	15
832	5874237587	16
833	5881297973	18
834	5888358012	11
835	5895418483	17
836	5902478930	19
837	5909538893	22
838	5916599547	24
839	5923659896	10
840	5930720613	12
841	5937780707	19
842	5944841442	22
843	5951901780	19
844	5958961989	16
845	5966022370	9
846	5973082660	17
847	5980142505	16
848	5987202962	18
849	5994263638	19
850	6001324120	15
851	6008384707	25
852	6015445246	15
853	6022505516	19
854	6029566008	12
855	6036626127	10
856	6043686473	8
857	6050746884	16
858	6057807439	13
859	6064867693	15
860	6071927988	16
861	6078988356	12
862	6086048832	19
863	6093108875	17
864	6100169167	15
865	6107229941	20
866	6114290131	14
867	6121350598	20
868	6128410960	15
869	6135471283	16
870	6142532002	16
871	6149592241	13
872	6156652742	16
873	6163713000	15
874	6170773310	19
875	6177833729	16
876	6184893974	13
877	6191954606	15
878	6199014638	18
879	6206074921	14
880	6213135711	12
881	6220196210	11
882	6227256416	17
883	6234316624	16
884	6241377213	12
885	6248437530	11
886	6255498040	15
887	6262558410	16
888	6269618739	17
889	6276679005	19
890	6283739536	18
891	6290799887	19
892	6297860055	18
893	6304920690	16
894	6311980708	20
895	6319041159	13
896	6326101592	16
897	6333161983	15
898	6340222417	17
899	6347282821	13
900	6354343289	20
901	6361403571	20
902	6368464234	17
903	6375524535	16
904	6382584818	11
905	6389644944	22
906	6396705326	13
907	6403765942	15
908	6410826383	17
909	6417886773	14
910	6424946905	13
911	6432007433	20
912	6439067730	14
913	6446128232	13
914	6453188725	20
915	6460248872	23
916	6467309536	22
917	6474369746	15
918	6481429963	12
919	6488490396	22
920	6495550771	20
921	6502611164	12
922	6509671643	20
923	6516731773	14
924	6523792181	22
925	6530853061	24
926	6537913319	15
927	6544973636	16
928	6552034029	10
929	6559094149	14
930	6566154936	17
931	6573215358	23
932	6580275627	20
933	6587335815	12
934	6594396022	21
935	6601456533	16
936	6608516881	17
937	6615577296	15
938	6622637900	16
939	6629698132	18
940	6636758425	14
941	6643818636	17
942	6650879125	22
943	6657939849	19
944	6664999981	19
945	6672060297	22
946	6679120655	14
947	6686181137	15
948	6693241444	18
949	6700302116	16
950	6707362353	12
951	6714422539	18
952	6721482999	19
953	6728543613	15
954	6735603923	21
955	6742664167	16
956	6749724529	12
957	6756784973	17
958	6763845309	14
959	6770905913	13
960	6777966298	12
961	6785026315	14
962	6792086967	20
963	6799147115	22
964	6806207494	12
965	6813268005	18
966	6820328478	18
967	6827388686	16
968	6834449286	15
969	6841509777	23
970	6848569874	16
971	6855630226	10
972	6862690800	16
973	6869751096	17
974	6876811289	13
975	6883871936	16
976	6890932014	15
977	6897992652	16
978	6905052920	18
979	6912113436	13
980	6919173656	21
981	6926234195	14
982	6933294692	7
983	6940355073	10
984	6947415443	20
985	6954475507	14
986	6961535927	17
987	6968596307	18
988	6975656868	17
989	6982717359	19
990	6989777699	15
991	6996837962	18
992	7003898256	18
993	7010958542	20
994	7018019222	18
995	7025079473	13
996	7032139857	14
997	7039200568	23
998	7046260701	16
999	7053320868	14
