bins	start time(ps)	counts
0	0	18
1	6810401	18
2	13620704	16
3	20430866	16
4	27241485	15
5	34051896	23
6	40862099	13
7	47672381	14
8	54482993	12
9	61293490	23
10	68103745	15
11	74913876	15
12	81724356	19
13	88535006	10
14	95345409	20
15	102155703	19
16	108965475	7
17	115776151	14
18	122586719	19
19	129397450	18
20	136207305	13
21	143017844	8
22	149828357	9
23	156638625	12
24	163449274	11
25	170259546	16
26	177069603	13
27	183879921	17
28	190690451	18
29	197500946	16
30	204311069	18
31	211121245	11
32	217932031	15
33	224742222	17
34	231552491	22
35	238362764	10
36	245173391	14
37	251983523	9
38	258793896	17
39	265604478	17
40	272414823	9
41	279225031	17
42	286035411	14
43	292846107	22
44	299656348	18
45	306466384	14
46	313277104	16
47	320087742	26
48	326897658	12
49	333708241	23
50	340518739	20
51	347328580	14
52	354139355	16
53	360949761	17
54	367759932	20
55	374570248	16
56	381380629	21
57	388191269	16
58	395001585	11
59	401811500	17
60	408622060	17
61	415432448	23
62	422242828	16
63	429053339	16
64	435863701	14
65	442674127	17
66	449483848	13
67	456294214	6
68	463104981	14
69	469915531	18
70	476725643	15
71	483536322	12
72	490346761	17
73	497156947	22
74	503967056	21
75	510777740	18
76	517588187	17
77	524398304	10
78	531208943	16
79	538019389	15
80	544829821	18
81	551639631	21
82	558450270	11
83	565260911	16
84	572071168	14
85	578881464	17
86	585691503	13
87	592502408	12
88	599312397	20
89	606122750	15
90	612933281	11
91	619743463	14
92	626553704	14
93	633363855	14
94	640174889	22
95	646985066	20
96	653794916	24
97	660605421	18
98	667416205	12
99	674226550	18
100	681036572	17
101	687847198	14
102	694657648	14
103	701467858	11
104	708278061	15
105	715088743	15
106	721899557	27
107	728709413	14
108	735519845	16
109	742330350	10
110	749140584	11
111	755950844	11
112	762761304	16
113	769571974	16
114	776382247	26
115	783192063	23
116	790002798	14
117	796813212	17
118	803623435	19
119	810433848	17
120	817244374	16
121	824054631	13
122	830864918	17
123	837675019	16
124	844485359	18
125	851295526	9
126	858106526	11
127	864917027	11
128	871727103	13
129	878537438	21
130	885348182	16
131	892158441	15
132	898968327	16
133	905778591	12
134	912589104	15
135	919399852	9
136	926210124	21
137	933020573	16
138	939830675	17
139	946641234	15
140	953451536	18
141	960262099	9
142	967072359	13
143	973882625	8
144	980692984	16
145	987503339	17
146	994313843	28
147	1001124309	10
148	1007934577	14
149	1014744880	19
150	1021554837	17
151	1028365787	8
152	1035176070	16
153	1041986009	14
154	1048796469	15
155	1055607113	9
156	1062417538	13
157	1069227761	14
158	1076038201	13
159	1082848333	17
160	1089658628	8
161	1096469298	13
162	1103279759	11
163	1110089965	12
164	1116900015	16
165	1123710563	15
166	1130521255	12
167	1137331466	11
168	1144141765	17
169	1150952379	11
170	1157763064	14
171	1164572930	14
172	1171383221	15
173	1178193818	16
174	1185004242	14
175	1191814613	12
176	1198624755	14
177	1205435279	15
178	1212245673	22
179	1219055995	25
180	1225866506	23
181	1232676416	18
182	1239486832	14
183	1246297483	16
184	1253107955	21
185	1259917967	11
186	1266728412	19
187	1273538852	17
188	1280349271	16
189	1287159042	11
190	1293969660	9
191	1300780272	18
192	1307590612	15
193	1314400876	15
194	1321211458	20
195	1328021972	19
196	1334832295	10
197	1341642468	16
198	1348452729	16
199	1355262966	12
200	1362073524	18
201	1368884455	16
202	1375694172	12
203	1382504401	15
204	1389315228	19
205	1396125655	22
206	1402935858	19
207	1409746155	14
208	1416556725	15
209	1423367009	18
210	1430176969	17
211	1436987501	17
212	1443798305	19
213	1450608532	14
214	1457418552	12
215	1464229180	14
216	1471039539	15
217	1477850043	16
218	1484659998	17
219	1491470601	15
220	1498281243	18
221	1505091186	18
222	1511901500	20
223	1518711970	17
224	1525522513	10
225	1532332792	20
226	1539143029	15
227	1545953613	18
228	1552763655	14
229	1559573890	9
230	1566384648	11
231	1573195375	24
232	1580005661	14
233	1586815828	13
234	1593625972	20
235	1600436330	18
236	1607246932	15
237	1614057394	19
238	1620867576	16
239	1627677803	15
240	1634488499	11
241	1641298763	17
242	1648109002	15
243	1654919224	19
244	1661729749	12
245	1668540332	14
246	1675350400	14
247	1682160844	20
248	1688971253	13
249	1695781835	18
250	1702591617	22
251	1709402403	17
252	1716213039	18
253	1723022813	16
254	1729833413	16
255	1736643984	15
256	1743454367	17
257	1750264057	19
258	1757074491	22
259	1763885455	13
260	1770695671	11
261	1777505776	8
262	1784316271	10
263	1791126764	15
264	1797937321	15
265	1804747123	20
266	1811557818	10
267	1818368579	18
268	1825178700	11
269	1831989297	9
270	1838799360	15
271	1845609882	9
272	1852419940	21
273	1859230570	17
274	1866041313	13
275	1872851380	14
276	1879661232	19
277	1886471917	20
278	1893282555	17
279	1900092509	14
280	1906902593	18
281	1913713389	16
282	1920523622	14
283	1927333998	17
284	1934144541	11
285	1940954981	13
286	1947765396	16
287	1954575286	15
288	1961386110	15
289	1968196059	22
290	1975006563	17
291	1981817122	11
292	1988627473	15
293	1995437911	16
294	2002248165	10
295	2009058697	14
296	2015868951	21
297	2022679549	14
298	2029489605	13
299	2036300201	18
300	2043110456	16
301	2049921024	14
302	2056731141	20
303	2063541472	19
304	2070351874	10
305	2077162428	10
306	2083972936	14
307	2090782863	12
308	2097593203	12
309	2104403647	11
310	2111214098	14
311	2118024473	14
312	2124835050	14
313	2131645091	19
314	2138455514	19
315	2145265654	21
316	2152076169	14
317	2158886745	12
318	2165697231	17
319	2172507750	17
320	2179317736	19
321	2186127976	17
322	2192938519	14
323	2199749000	16
324	2206559328	17
325	2213369772	16
326	2220179828	23
327	2226990483	19
328	2233801073	21
329	2240611259	12
330	2247421624	20
331	2254231806	13
332	2261042163	20
333	2267852663	5
334	2274662887	15
335	2281473398	20
336	2288283820	17
337	2295094149	16
338	2301904539	21
339	2308714665	13
340	2315525107	13
341	2322335304	10
342	2329145755	15
343	2335956464	23
344	2342766658	13
345	2349576585	14
346	2356387556	11
347	2363197806	12
348	2370007837	14
349	2376818179	18
350	2383628713	14
351	2390439136	17
352	2397249542	11
353	2404060076	18
354	2410870287	14
355	2417680729	15
356	2424490903	15
357	2431301518	15
358	2438111731	17
359	2444922200	12
360	2451732773	15
361	2458542837	15
362	2465353372	13
363	2472163813	21
364	2478974242	17
365	2485784523	12
366	2492594885	15
367	2499405084	12
368	2506215304	20
369	2513025712	17
370	2519836325	17
371	2526646698	13
372	2533456701	19
373	2540267174	15
374	2547077564	20
375	2553888167	14
376	2560698311	17
377	2567508549	19
378	2574318907	17
379	2581129500	18
380	2587939914	18
381	2594750251	15
382	2601560536	12
383	2608371212	20
384	2615181397	13
385	2621991665	16
386	2628801985	17
387	2635612395	11
388	2642422799	19
389	2649233375	12
390	2656043601	17
391	2662853912	10
392	2669664241	18
393	2676474412	7
394	2683284984	16
395	2690095553	15
396	2696905795	22
397	2703716339	16
398	2710526560	16
399	2717336878	14
400	2724146937	13
401	2730957539	12
402	2737767802	14
403	2744578183	15
404	2751388544	11
405	2758198929	12
406	2765009395	13
407	2771819853	17
408	2778630295	13
409	2785440537	9
410	2792250936	10
411	2799061270	18
412	2805871641	10
413	2812681862	16
414	2819492294	17
415	2826302559	13
416	2833113024	16
417	2839923750	23
418	2846733837	20
419	2853544004	13
420	2860354510	20
421	2867165035	11
422	2873975435	17
423	2880785590	14
424	2887596200	10
425	2894406465	12
426	2901216754	16
427	2908027054	15
428	2914837492	11
429	2921647950	25
430	2928458328	10
431	2935268680	18
432	2942078715	10
433	2948889327	14
434	2955699639	17
435	2962509873	16
436	2969320242	20
437	2976130678	12
438	2982940908	12
439	2989751358	16
440	2996561913	17
441	3003372334	16
442	3010182421	14
443	3016993083	13
444	3023803474	24
445	3030613663	14
446	3037423690	15
447	3044234420	12
448	3051044957	20
449	3057854952	9
450	3064665351	17
451	3071476413	20
452	3078286518	16
453	3085096623	20
454	3091907054	20
455	3098717301	21
456	3105527720	27
457	3112338457	12
458	3119148706	17
459	3125958529	16
460	3132769013	12
461	3139579656	17
462	3146390063	14
463	3153200097	22
464	3160010533	12
465	3166820976	18
466	3173631274	13
467	3180441636	17
468	3187252236	10
469	3194062686	17
470	3200872523	17
471	3207682784	13
472	3214493605	11
473	3221304110	14
474	3228114269	15
475	3234924537	13
476	3241735309	14
477	3248545552	8
478	3255355370	15
479	3262166031	11
480	3268976797	16
481	3275787063	12
482	3282597055	14
483	3289407779	16
484	3296218456	12
485	3303028540	10
486	3309838563	20
487	3316649443	19
488	3323459565	5
489	3330269894	13
490	3337080125	12
491	3343890556	18
492	3350700895	16
493	3357511445	16
494	3364321853	17
495	3371131671	13
496	3377942189	15
497	3384752783	8
498	3391563314	18
499	3398372813	15
500	3405183532	20
501	3411994224	15
502	3418804685	14
503	3425614725	13
504	3432425341	16
505	3439235856	11
506	3446045661	12
507	3452856115	17
508	3459666933	9
509	3466477360	13
510	3473287769	12
511	3480097978	17
512	3486908117	16
513	3493718683	12
514	3500529229	18
515	3507339607	12
516	3514149621	17
517	3520959938	20
518	3527770712	13
519	3534580910	10
520	3541391148	12
521	3548201559	14
522	3555012430	16
523	3561822670	13
524	3568632436	13
525	3575443050	18
526	3582253534	15
527	3589063752	14
528	3595873759	18
529	3602684620	15
530	3609495002	11
531	3616304980	11
532	3623115511	15
533	3629926318	19
534	3636736590	17
535	3643546697	11
536	3650357097	14
537	3657167366	13
538	3663977943	12
539	3670787863	12
540	3677598691	14
541	3684409220	20
542	3691219459	11
543	3698029288	12
544	3704839934	23
545	3711650482	18
546	3718460859	18
547	3725271128	13
548	3732081396	18
549	3738891769	11
550	3745702343	13
551	3752513072	14
552	3759323419	16
553	3766133466	11
554	3772943753	14
555	3779754067	17
556	3786563831	12
557	3793374694	25
558	3800185327	18
559	3806995785	17
560	3813805988	14
561	3820616360	10
562	3827426660	19
563	3834236849	14
564	3841047260	13
565	3847857779	16
566	3854667857	20
567	3861478397	19
568	3868288965	23
569	3875099071	9
570	3881909463	21
571	3888720043	12
572	3895530473	9
573	3902340770	17
574	3909151018	13
575	3915961401	12
576	3922772039	15
577	3929582375	14
578	3936392811	16
579	3943203015	15
580	3950013130	10
581	3956823617	16
582	3963634372	17
583	3970444488	22
584	3977254840	13
585	3984065146	8
586	3990875735	17
587	3997685896	20
588	4004496116	17
589	4011306466	16
590	4018116963	12
591	4024927406	16
592	4031737853	10
593	4038548116	14
594	4045358438	23
595	4052168732	25
596	4058978959	14
597	4065789380	12
598	4072600375	12
599	4079410406	25
600	4086220704	19
601	4093031120	21
602	4099840962	13
603	4106651366	17
604	4113462236	19
605	4120272594	14
606	4127082970	18
607	4133893439	20
608	4140703563	19
609	4147513960	14
610	4154324462	17
611	4161134924	18
612	4167945128	18
613	4174755354	17
614	4181566090	15
615	4188376286	17
616	4195186615	14
617	4201996807	10
618	4208807230	18
619	4215617696	18
620	4222428210	5
621	4229238432	16
622	4236048983	12
623	4242859249	15
624	4249669488	14
625	4256479957	12
626	4263290109	24
627	4270100753	16
628	4276910988	14
629	4283720972	16
630	4290531702	18
631	4297341727	11
632	4304152340	21
633	4310962532	12
634	4317773227	18
635	4324583750	14
636	4331394272	16
637	4338204329	14
638	4345014787	15
639	4351825091	16
640	4358635899	16
641	4365445719	21
642	4372256223	11
643	4379066594	17
644	4385876702	20
645	4392687335	13
646	4399497640	19
647	4406307802	15
648	4413118444	11
649	4419928941	15
650	4426739307	16
651	4433549707	16
652	4440359817	11
653	4447170090	16
654	4453980499	20
655	4460790856	12
656	4467601035	13
657	4474411578	14
658	4481222084	18
659	4488032290	15
660	4494842675	19
661	4501653054	23
662	4508463383	16
663	4515273679	11
664	4522084397	20
665	4528894702	17
666	4535705118	15
667	4542515227	10
668	4549325752	19
669	4556136135	15
670	4562946569	17
671	4569756907	17
672	4576567233	13
673	4583377606	15
674	4590187709	14
675	4596998206	15
676	4603808720	10
677	4610618973	19
678	4617429276	18
679	4624239795	13
680	4631049986	12
681	4637860519	16
682	4644670708	15
683	4651481210	9
684	4658291711	11
685	4665102059	12
686	4671912460	25
687	4678722761	14
688	4685532947	18
689	4692343448	14
690	4699153772	17
691	4705963709	15
692	4712774358	19
693	4719584876	14
694	4726395300	16
695	4733205758	13
696	4740016116	16
697	4746826336	12
698	4753636650	12
699	4760446973	20
700	4767257428	15
701	4774067992	13
702	4780878172	13
703	4787688662	20
704	4794498846	16
705	4801309491	14
706	4808119677	15
707	4814929881	15
708	4821740367	18
709	4828550739	8
710	4835361282	11
711	4842171650	20
712	4848981909	17
713	4855792299	13
714	4862602452	13
715	4869413075	13
716	4876223277	16
717	4883033465	15
718	4889843983	13
719	4896654467	14
720	4903464676	14
721	4910274986	11
722	4917085499	16
723	4923895766	17
724	4930706272	13
725	4937516705	21
726	4944327068	14
727	4951137330	19
728	4957947819	20
729	4964758276	16
730	4971568597	17
731	4978379109	18
732	4985189259	19
733	4991999636	20
734	4998809921	18
735	5005620417	19
736	5012430641	21
737	5019240655	19
738	5026051615	17
739	5032862085	14
740	5039672298	16
741	5046482462	12
742	5053292846	12
743	5060103467	15
744	5066913549	13
745	5073724182	13
746	5080534507	12
747	5087344798	17
748	5094155138	19
749	5100965287	15
750	5107775640	16
751	5114586523	17
752	5121396664	12
753	5128206597	12
754	5135017220	15
755	5141827887	13
756	5148638164	13
757	5155448443	18
758	5162258544	13
759	5169069133	12
760	5175879471	9
761	5182689795	18
762	5189500086	18
763	5196310615	13
764	5203120934	22
765	5209931731	11
766	5216741750	18
767	5223552072	24
768	5230362289	15
769	5237172881	22
770	5243983104	13
771	5250793674	11
772	5257603730	13
773	5264414234	22
774	5271224702	16
775	5278035091	16
776	5284845389	16
777	5291655627	11
778	5298466165	13
779	5305276660	19
780	5312086704	11
781	5318897402	21
782	5325707362	23
783	5332517569	15
784	5339328323	20
785	5346138491	16
786	5352948887	13
787	5359759176	16
788	5366569821	11
789	5373380211	16
790	5380190659	13
791	5387001037	14
792	5393811506	10
793	5400621856	15
794	5407432172	22
795	5414242469	11
796	5421052726	20
797	5427863259	24
798	5434673707	16
799	5441483525	17
800	5448294123	14
801	5455104291	15
802	5461914928	22
803	5468725415	20
804	5475535967	15
805	5482346241	16
806	5489156431	17
807	5495966520	20
808	5502777345	18
809	5509587656	9
810	5516397782	17
811	5523208488	17
812	5530018715	17
813	5536828875	15
814	5543639347	17
815	5550449849	17
816	5557259921	21
817	5564070424	17
818	5570880951	12
819	5577691447	23
820	5584501736	18
821	5591311807	13
822	5598122193	16
823	5604932663	23
824	5611743113	15
825	5618553480	11
826	5625363745	18
827	5632174387	18
828	5638984330	20
829	5645794733	17
830	5652605342	20
831	5659415799	10
832	5666225903	18
833	5673036459	9
834	5679846872	16
835	5686657077	11
836	5693467110	13
837	5700277792	12
838	5707088394	18
839	5713898619	18
840	5720708938	17
841	5727519103	20
842	5734329590	17
843	5741139821	14
844	5747950343	15
845	5754760699	17
846	5761571134	17
847	5768381593	19
848	5775191594	20
849	5782002283	21
850	5788812585	16
851	5795623164	8
852	5802433305	17
853	5809243680	15
854	5816053721	19
855	5822864636	14
856	5829674714	12
857	5836485357	22
858	5843295450	16
859	5850105950	15
860	5856916331	17
861	5863726762	19
862	5870537339	13
863	5877347720	17
864	5884157928	14
865	5890967956	13
866	5897778286	20
867	5904588865	20
868	5911399217	14
869	5918209416	18
870	5925019590	11
871	5931830435	10
872	5938640622	15
873	5945450991	19
874	5952261090	21
875	5959071770	21
876	5965882313	17
877	5972692553	12
878	5979502853	26
879	5986313306	12
880	5993123721	13
881	5999933991	15
882	6006744448	16
883	6013554634	12
884	6020365051	22
885	6027175401	13
886	6033985724	21
887	6040796390	13
888	6047606556	15
889	6054417066	13
890	6061227259	13
891	6068037558	15
892	6074848214	3
893	6081658431	16
894	6088468822	8
895	6095279062	16
896	6102089811	19
897	6108900117	13
898	6115710155	17
899	6122520547	18
900	6129330788	12
901	6136141207	14
902	6142951802	11
903	6149762322	19
904	6156572369	19
905	6163382752	16
906	6170193068	11
907	6177003213	9
908	6183813582	18
909	6190623919	11
910	6197434431	15
911	6204245111	27
912	6211055388	17
913	6217866007	16
914	6224676177	13
915	6231486694	16
916	6238296964	18
917	6245107324	16
918	6251917548	10
919	6258727992	19
920	6265538368	23
921	6272348631	14
922	6279158977	14
923	6285969141	10
924	6292779629	14
925	6299590373	17
926	6306400758	18
927	6313210887	10
928	6320021332	16
929	6326831372	9
930	6333642113	22
931	6340452406	15
932	6347262624	17
933	6354072830	12
934	6360883524	15
935	6367693473	12
936	6374504249	13
937	6381314673	19
938	6388124885	7
939	6394935302	21
940	6401745790	15
941	6408556087	15
942	6415366242	10
943	6422176645	20
944	6428987297	18
945	6435797731	15
946	6442607822	20
947	6449418187	12
948	6456228826	16
949	6463039121	19
950	6469849420	19
951	6476659890	13
952	6483469899	15
953	6490280534	19
954	6497091051	19
955	6503901324	12
956	6510711790	19
957	6517522010	18
958	6524332413	15
959	6531142679	18
960	6537953260	10
961	6544763245	16
962	6551573480	15
963	6558384006	18
964	6565194431	13
965	6572004568	20
966	6578815014	14
967	6585625486	15
968	6592435769	19
969	6599246314	15
970	6606056692	11
971	6612866915	16
972	6619677346	21
973	6626488032	11
974	6633298503	21
975	6640109002	14
976	6646918927	16
977	6653729132	21
978	6660539812	11
979	6667350055	19
980	6674160306	19
981	6680970680	22
982	6687781253	25
983	6694591334	17
984	6701401743	13
985	6708211897	15
986	6715022399	7
987	6721833155	14
988	6728643546	14
989	6735453599	12
990	6742264143	9
991	6749074619	13
992	6755884665	15
993	6762695035	15
994	6769505410	13
995	6776315921	20
996	6783126295	13
997	6789936357	13
998	6796746768	17
999	6803557175	10
