2.840000000000000000e+09 9.772330576003643854e-01
2.841000000000000000e+09 9.903847930098091945e-01
2.842000000000000000e+09 9.943480154286424844e-01
2.843000000000000000e+09 9.861743585930867750e-01
2.844000000000000000e+09 9.742903744021820245e-01
2.845000000000000000e+09 9.744117565609106135e-01
2.846000000000000000e+09 9.755012031349551416e-01
2.847000000000000000e+09 9.718140318712557013e-01
2.848000000000000000e+09 9.533372984200260136e-01
2.849000000000000000e+09 9.783506060073775545e-01
2.850000000000000000e+09 9.495966311372996405e-01
2.851000000000000000e+09 9.649449571889247013e-01
2.852000000000000000e+09 9.601671733941614661e-01
2.853000000000000000e+09 9.661918400398261664e-01
2.854000000000000000e+09 9.614174997191957672e-01
2.855000000000000000e+09 9.474729640256013274e-01
2.856000000000000000e+09 9.516490573919983431e-01
2.857000000000000000e+09 9.316177592115870709e-01
2.858000000000000000e+09 9.390091791061023763e-01
2.859000000000000000e+09 9.332615310220524485e-01
2.860000000000000000e+09 9.209290770551552541e-01
2.861000000000000000e+09 9.098529352059188113e-01
2.862000000000000000e+09 9.159378128719043444e-01
2.863000000000000000e+09 8.920332848007932469e-01
2.864000000000000000e+09 8.806806838033440776e-01
2.865000000000000000e+09 8.639109767175620069e-01
2.866000000000000000e+09 8.577290007440032671e-01
2.867000000000000000e+09 8.439712330732335177e-01
2.868000000000000000e+09 8.383822052527337698e-01
2.869000000000000000e+09 8.418844828987427364e-01
2.870000000000000000e+09 8.302344607031960644e-01
2.871000000000000000e+09 8.264817323667356108e-01
2.872000000000000000e+09 8.428096775703119992e-01
2.873000000000000000e+09 8.573300980028539797e-01
2.874000000000000000e+09 8.512079405705723634e-01
2.875000000000000000e+09 8.550197234045869843e-01
2.876000000000000000e+09 8.818038324336269218e-01
2.877000000000000000e+09 8.904911630576506365e-01
2.878000000000000000e+09 9.091367537430307122e-01
2.879000000000000000e+09 8.956241366280330851e-01
2.880000000000000000e+09 9.241635409086508268e-01
2.881000000000000000e+09 9.196449405900856133e-01
2.882000000000000000e+09 9.489266210532923962e-01
2.883000000000000000e+09 9.608392796466190822e-01
2.884000000000000000e+09 9.516351781738240367e-01
2.885000000000000000e+09 9.711373982075071076e-01
2.886000000000000000e+09 9.637536771176427042e-01
2.887000000000000000e+09 9.752677787258515751e-01
2.888000000000000000e+09 9.746535885678727640e-01
2.889000000000000000e+09 9.829504103194720566e-01
2.890000000000000000e+09 9.873855263199203813e-01
2.891000000000000000e+09 9.740334858228090198e-01
2.892000000000000000e+09 9.781481759401693399e-01
2.893000000000000000e+09 9.723439935534654577e-01
2.894000000000000000e+09 9.802449377653023044e-01
2.895000000000000000e+09 9.761842547314195651e-01
2.896000000000000000e+09 9.856437244675272380e-01
2.897000000000000000e+09 9.906054703986345578e-01
2.898000000000000000e+09 9.798603777464182096e-01
2.899000000000000000e+09 9.978569026901841221e-01
2.900000000000000000e+09 1.007059385588292555e+00
2.901000000000000000e+09 9.980933213283196270e-01
2.902000000000000000e+09 9.825906988069149639e-01
2.903000000000000000e+09 9.760590971407703265e-01
2.904000000000000000e+09 1.001813647698934551e+00
2.905000000000000000e+09 9.989631738191964150e-01
2.906000000000000000e+09 9.993388017340859575e-01
2.907000000000000000e+09 1.006636098112496436e+00
2.908000000000000000e+09 9.880438021454112096e-01
2.909000000000000000e+09 9.936932225628564153e-01
2.910000000000000000e+09 1.001729812093697269e+00
2.911000000000000000e+09 1.012062288712851421e+00
2.912000000000000000e+09 9.939054618463940560e-01
2.913000000000000000e+09 1.000138014102532003e+00
2.914000000000000000e+09 9.868295041567233250e-01
2.915000000000000000e+09 1.010077387800262683e+00
2.916000000000000000e+09 1.004941273542152347e+00
2.917000000000000000e+09 1.004159901320343939e+00
2.918000000000000000e+09 9.909937049102942597e-01
2.919000000000000000e+09 9.939648803419069978e-01
2.920000000000000000e+09 1.003640918002246751e+00
2.921000000000000000e+09 9.949199723816456453e-01
2.922000000000000000e+09 1.003797709506454083e+00
2.923000000000000000e+09 9.973983628112671473e-01
2.924000000000000000e+09 1.009586130597671660e+00
2.925000000000000000e+09 1.006175371721404588e+00
2.926000000000000000e+09 1.002847090629263249e+00
2.927000000000000000e+09 9.958182657898952961e-01
2.928000000000000000e+09 9.980662615319298991e-01
2.929000000000000000e+09 9.991203493559142057e-01
2.930000000000000000e+09 9.869235700945578893e-01
2.931000000000000000e+09 1.002421086147162743e+00
2.932000000000000000e+09 9.986178213487187927e-01
2.933000000000000000e+09 1.006583608043903233e+00
2.934000000000000000e+09 9.958560904852464812e-01
2.935000000000000000e+09 1.004825717010888519e+00
2.936000000000000000e+09 9.980682529840817496e-01
2.937000000000000000e+09 1.001434490551823764e+00
2.938000000000000000e+09 9.962219147724071799e-01
2.939000000000000000e+09 1.000392283624198519e+00
2.940000000000000000e+09 9.874919418940147908e-01
2.941000000000000000e+09 9.996286309902757683e-01
2.942000000000000000e+09 1.003039779288304567e+00
2.943000000000000000e+09 1.000643703733794299e+00
2.944000000000000000e+09 9.878200285926546087e-01
2.945000000000000000e+09 9.905474991302821719e-01
2.946000000000000000e+09 9.929918700707045520e-01
2.947000000000000000e+09 1.004096831929585765e+00
2.948000000000000000e+09 1.001374673985707009e+00
2.949000000000000000e+09 1.003429741970645050e+00
2.950000000000000000e+09 1.000217985687682498e+00
2.951000000000000000e+09 1.003175329601093235e+00
2.952000000000000000e+09 9.957202036334596995e-01
2.953000000000000000e+09 1.000263874621858173e+00
2.954000000000000000e+09 1.006872959590121575e+00
2.955000000000000000e+09 9.936972828285972614e-01
2.956000000000000000e+09 9.892743239110489695e-01
2.957000000000000000e+09 1.004874606143689952e+00
2.958000000000000000e+09 9.937328072293655223e-01
2.959000000000000000e+09 9.914195001662765572e-01
2.960000000000000000e+09 1.004473646100277673e+00
2.961000000000000000e+09 9.820029773234419945e-01
2.962000000000000000e+09 1.007063098694444658e+00
2.963000000000000000e+09 9.894782182575230234e-01
2.964000000000000000e+09 9.873017443100501334e-01
2.965000000000000000e+09 1.013536128383638157e+00
2.966000000000000000e+09 9.984344691228661528e-01
2.967000000000000000e+09 1.012185665924894007e+00
2.968000000000000000e+09 9.902480747439496023e-01
2.969000000000000000e+09 1.006796853759832189e+00
2.970000000000000000e+09 9.942119517735452661e-01
2.971000000000000000e+09 9.991037803606112044e-01
2.972000000000000000e+09 1.004849790768846507e+00
2.973000000000000000e+09 9.981212397304387585e-01
2.974000000000000000e+09 9.886535247256410530e-01
2.975000000000000000e+09 9.909216297053946576e-01
2.976000000000000000e+09 1.005462091709425465e+00
2.977000000000000000e+09 1.003176155170749650e+00
2.978000000000000000e+09 9.977146771280901438e-01
2.979000000000000000e+09 9.824999535807786843e-01
2.980000000000000000e+09 1.007848345050255778e+00
2.981000000000000000e+09 9.947792689741619121e-01
2.982000000000000000e+09 9.998910166588821369e-01
2.983000000000000000e+09 9.939507279527680650e-01
2.984000000000000000e+09 9.987588838599329444e-01
2.985000000000000000e+09 1.006558744836282271e+00
2.986000000000000000e+09 1.010322200565308082e+00
2.987000000000000000e+09 9.889058101723265937e-01
2.988000000000000000e+09 1.014582786752120658e+00
2.989000000000000000e+09 9.901872046641989611e-01
2.990000000000000000e+09 9.969388614811417471e-01
2.991000000000000000e+09 1.001430957096119290e+00
2.992000000000000000e+09 9.976603920730058306e-01
2.993000000000000000e+09 9.997710296856918699e-01
2.994000000000000000e+09 1.003448728691671787e+00
2.995000000000000000e+09 9.895026157570079306e-01
2.996000000000000000e+09 9.967359427210594758e-01
2.997000000000000000e+09 9.855545388277990870e-01
2.998000000000000000e+09 1.001224491070898726e+00
2.999000000000000000e+09 1.014749829167755690e+00
3.000000000000000000e+09 1.003304816302097446e+00
