2.830000000000000000e+09 9.908010505988785743e-01
2.831000000000000000e+09 9.893403840801558990e-01
2.832000000000000000e+09 9.831965611567018426e-01
2.833000000000000000e+09 9.793309797053737498e-01
2.834000000000000000e+09 9.978319664843854353e-01
2.835000000000000000e+09 9.821749760023859022e-01
2.836000000000000000e+09 9.820006203473945483e-01
2.837000000000000000e+09 1.000422020069398954e+00
2.838000000000000000e+09 9.991862030110487680e-01
2.839000000000000000e+09 9.887856315904753890e-01
2.840000000000000000e+09 9.807950102401787884e-01
2.841000000000000000e+09 9.807032416939163166e-01
2.842000000000000000e+09 9.747832499798588790e-01
2.843000000000000000e+09 9.700616241638601034e-01
2.844000000000000000e+09 9.840148698884758627e-01
2.845000000000000000e+09 9.845228530968360703e-01
2.846000000000000000e+09 9.811263603291333624e-01
2.847000000000000000e+09 9.776729657972825782e-01
2.848000000000000000e+09 9.776400568720968742e-01
2.849000000000000000e+09 9.524260610642268921e-01
2.850000000000000000e+09 9.789427321031964890e-01
2.851000000000000000e+09 9.816820994454270588e-01
2.852000000000000000e+09 9.678108721784426383e-01
2.853000000000000000e+09 9.545841761741172826e-01
2.854000000000000000e+09 9.607596163162483993e-01
2.855000000000000000e+09 9.628383703993290688e-01
2.856000000000000000e+09 9.515814049560912258e-01
2.857000000000000000e+09 9.429683202227809868e-01
2.858000000000000000e+09 9.384504594768069419e-01
2.859000000000000000e+09 9.357026912655453943e-01
2.860000000000000000e+09 9.126960244458576232e-01
2.861000000000000000e+09 9.026714643986479825e-01
2.862000000000000000e+09 8.899472536311466841e-01
2.863000000000000000e+09 8.827622362437259618e-01
2.864000000000000000e+09 8.700546610458025354e-01
2.865000000000000000e+09 8.522724807126629276e-01
2.866000000000000000e+09 8.534816625458317985e-01
2.867000000000000000e+09 8.379313760695401569e-01
2.868000000000000000e+09 8.313805652342238783e-01
2.869000000000000000e+09 8.271545840307846786e-01
2.870000000000000000e+09 8.298941352292694695e-01
2.871000000000000000e+09 8.238929322636486807e-01
2.872000000000000000e+09 8.322413360470628518e-01
2.873000000000000000e+09 8.312523271689215010e-01
2.874000000000000000e+09 8.489797958654473620e-01
2.875000000000000000e+09 8.581743086502182649e-01
2.876000000000000000e+09 8.704100295446374203e-01
2.877000000000000000e+09 8.860960477582083827e-01
2.878000000000000000e+09 9.000206194585205211e-01
2.879000000000000000e+09 9.058654461956606729e-01
2.880000000000000000e+09 9.153227935991152808e-01
2.881000000000000000e+09 9.313761732309118191e-01
2.882000000000000000e+09 9.299181001976891681e-01
2.883000000000000000e+09 9.281988339981588343e-01
2.884000000000000000e+09 9.443815958716237358e-01
2.885000000000000000e+09 9.491902201003749040e-01
2.886000000000000000e+09 9.486627509565034311e-01
2.887000000000000000e+09 9.503874915443754068e-01
2.888000000000000000e+09 9.601716162184160686e-01
2.889000000000000000e+09 9.540650835095727533e-01
2.890000000000000000e+09 9.699950353729677177e-01
2.891000000000000000e+09 9.803008036021386706e-01
2.892000000000000000e+09 9.903170403672389988e-01
2.893000000000000000e+09 9.841881170166872916e-01
2.894000000000000000e+09 9.743755549848857056e-01
2.895000000000000000e+09 9.799509332008322637e-01
2.896000000000000000e+09 9.771566049903268603e-01
2.897000000000000000e+09 9.796648973627962720e-01
2.898000000000000000e+09 9.910459833899228910e-01
2.899000000000000000e+09 9.803955570281509546e-01
2.900000000000000000e+09 9.817170135928950936e-01
2.901000000000000000e+09 9.825095645978222381e-01
2.902000000000000000e+09 9.825899606659774799e-01
2.903000000000000000e+09 9.879937466783111910e-01
2.904000000000000000e+09 1.006669161182400352e+00
2.905000000000000000e+09 9.926704204880382187e-01
2.906000000000000000e+09 9.850985423969405019e-01
2.907000000000000000e+09 9.938324705210103138e-01
2.908000000000000000e+09 9.972201456203944048e-01
2.909000000000000000e+09 9.993876722171889382e-01
2.910000000000000000e+09 9.944713028387256459e-01
2.911000000000000000e+09 1.001053133383393412e+00
2.912000000000000000e+09 1.001001616315424947e+00
2.913000000000000000e+09 1.002187890137328230e+00
2.914000000000000000e+09 9.854964647826640611e-01
2.915000000000000000e+09 9.943900941529196791e-01
2.916000000000000000e+09 9.945400883867711039e-01
2.917000000000000000e+09 9.925101170700592057e-01
2.918000000000000000e+09 9.877365199541632279e-01
2.919000000000000000e+09 9.926039299352226175e-01
2.920000000000000000e+09 9.941416838863778027e-01
2.921000000000000000e+09 9.860185119237474538e-01
2.922000000000000000e+09 1.006883186523379381e+00
2.923000000000000000e+09 9.912262234991083831e-01
2.924000000000000000e+09 9.869884379607355429e-01
2.925000000000000000e+09 9.948556131671285607e-01
2.926000000000000000e+09 1.001199149353427353e+00
2.927000000000000000e+09 9.960656265876900450e-01
2.928000000000000000e+09 9.938992887659672260e-01
2.929000000000000000e+09 9.947060807361364221e-01
2.930000000000000000e+09 9.852526157983401145e-01
2.931000000000000000e+09 9.767533917410680111e-01
2.932000000000000000e+09 1.002591175624820252e+00
2.933000000000000000e+09 9.944428930466350236e-01
2.934000000000000000e+09 9.961014611773090222e-01
2.935000000000000000e+09 9.914596176985003284e-01
2.936000000000000000e+09 1.001389817168770735e+00
2.937000000000000000e+09 9.820265694191195882e-01
2.938000000000000000e+09 9.773365534108856556e-01
2.939000000000000000e+09 9.847873042632114826e-01
2.940000000000000000e+09 9.938174380428694832e-01
