2.840000000000000000e+09 9.786792854104635619e-01
2.841000000000000000e+09 9.978619483231028209e-01
2.842000000000000000e+09 9.798510826817554697e-01
2.843000000000000000e+09 9.753199868723334554e-01
2.844000000000000000e+09 9.771486590662664673e-01
2.845000000000000000e+09 9.779131448922775416e-01
2.846000000000000000e+09 9.811766261487169238e-01
2.847000000000000000e+09 9.891019900576227819e-01
2.848000000000000000e+09 9.730751048035891637e-01
2.849000000000000000e+09 9.729395157597556798e-01
2.850000000000000000e+09 9.746016124758696275e-01
2.851000000000000000e+09 9.586958083570471523e-01
2.852000000000000000e+09 9.643118087223804258e-01
2.853000000000000000e+09 9.701701205922089732e-01
2.854000000000000000e+09 9.582746329056475165e-01
2.855000000000000000e+09 9.512904763099150340e-01
2.856000000000000000e+09 9.446732543025823103e-01
2.857000000000000000e+09 9.388617998134713982e-01
2.858000000000000000e+09 9.288345749246587069e-01
2.859000000000000000e+09 9.313790136714457102e-01
2.860000000000000000e+09 9.256708148222939636e-01
2.861000000000000000e+09 8.989711671222287981e-01
2.862000000000000000e+09 8.976442736589256288e-01
2.863000000000000000e+09 8.852421527473215423e-01
2.864000000000000000e+09 8.872234908626263072e-01
2.865000000000000000e+09 8.720671693026712523e-01
2.866000000000000000e+09 8.472048367714800632e-01
2.867000000000000000e+09 8.507801587251874187e-01
2.868000000000000000e+09 8.331428715343035529e-01
2.869000000000000000e+09 8.366000995844384835e-01
2.870000000000000000e+09 8.372196629319986760e-01
2.871000000000000000e+09 8.300861025666885773e-01
2.872000000000000000e+09 8.299665389892166845e-01
2.873000000000000000e+09 8.372231228045065032e-01
2.874000000000000000e+09 8.450306082333339797e-01
2.875000000000000000e+09 8.578353454692251301e-01
2.876000000000000000e+09 8.674784152953844973e-01
2.877000000000000000e+09 8.897208900464556036e-01
2.878000000000000000e+09 8.931207073498066418e-01
2.879000000000000000e+09 9.079394297986106421e-01
2.880000000000000000e+09 9.073190284719351295e-01
2.881000000000000000e+09 9.350285759022939347e-01
2.882000000000000000e+09 9.186563227307991131e-01
2.883000000000000000e+09 9.473212354510374134e-01
2.884000000000000000e+09 9.527588622493736725e-01
2.885000000000000000e+09 9.552873246837738641e-01
2.886000000000000000e+09 9.594330247068887374e-01
2.887000000000000000e+09 9.502966943332316063e-01
2.888000000000000000e+09 9.679886889814753870e-01
2.889000000000000000e+09 9.713593706523663274e-01
2.890000000000000000e+09 9.548486371448603460e-01
2.891000000000000000e+09 9.734945790766439400e-01
2.892000000000000000e+09 9.589870493589883749e-01
2.893000000000000000e+09 9.748513011152415420e-01
2.894000000000000000e+09 9.676140385737882488e-01
2.895000000000000000e+09 9.835296032145908196e-01
2.896000000000000000e+09 9.708034638273553840e-01
2.897000000000000000e+09 9.805699319540345238e-01
2.898000000000000000e+09 9.798776138454030615e-01
2.899000000000000000e+09 9.746326987369119399e-01
2.900000000000000000e+09 1.007299500427618844e+00
2.901000000000000000e+09 9.829731744828468232e-01
2.902000000000000000e+09 9.992458049858236047e-01
2.903000000000000000e+09 1.006611596304820777e+00
2.904000000000000000e+09 9.998997371232700715e-01
2.905000000000000000e+09 1.006178221062603573e+00
2.906000000000000000e+09 9.876556645574539051e-01
2.907000000000000000e+09 9.780144707014875038e-01
2.908000000000000000e+09 9.773172364213291718e-01
2.909000000000000000e+09 9.850443829012648367e-01
2.910000000000000000e+09 9.948318163584517482e-01
2.911000000000000000e+09 9.841846148082705747e-01
2.912000000000000000e+09 9.834029955264054212e-01
2.913000000000000000e+09 9.934517657124836143e-01
2.914000000000000000e+09 9.866083988221392431e-01
2.915000000000000000e+09 9.917095376173105103e-01
2.916000000000000000e+09 1.007907765726953286e+00
2.917000000000000000e+09 9.812347368912255341e-01
2.918000000000000000e+09 9.901711923517638736e-01
2.919000000000000000e+09 9.876049617723120511e-01
2.920000000000000000e+09 9.928006212215051418e-01
2.921000000000000000e+09 9.969903244737775561e-01
2.922000000000000000e+09 9.912697494158458911e-01
2.923000000000000000e+09 9.911839731226279593e-01
2.924000000000000000e+09 1.003823507161589745e+00
2.925000000000000000e+09 1.000225472788252912e+00
2.926000000000000000e+09 9.969172122835788796e-01
2.927000000000000000e+09 9.936552707631342019e-01
2.928000000000000000e+09 9.956249428689405434e-01
2.929000000000000000e+09 1.005608954170970959e+00
2.930000000000000000e+09 1.010944633217545352e+00
2.931000000000000000e+09 9.985717098539518277e-01
2.932000000000000000e+09 9.942374825139573824e-01
2.933000000000000000e+09 1.012089465842988645e+00
2.934000000000000000e+09 1.005822162843267087e+00
2.935000000000000000e+09 1.010922529255084079e+00
2.936000000000000000e+09 1.001925039283321883e+00
2.937000000000000000e+09 9.902653507327644489e-01
2.938000000000000000e+09 1.004411852946656802e+00
2.939000000000000000e+09 9.935322573579569161e-01
2.940000000000000000e+09 9.940410846550831181e-01
