2.840000000000000000e+09 9.858876230166773169e-01
2.841000000000000000e+09 9.835808974332718169e-01
2.842000000000000000e+09 9.901569589729408705e-01
2.843000000000000000e+09 9.894859642086589746e-01
2.844000000000000000e+09 9.803929305240146608e-01
2.845000000000000000e+09 9.799843623255038993e-01
2.846000000000000000e+09 9.806379367457077612e-01
2.847000000000000000e+09 9.796221562257314552e-01
2.848000000000000000e+09 9.738761610269743851e-01
2.849000000000000000e+09 9.757663774823933656e-01
2.850000000000000000e+09 9.783332275505579601e-01
2.851000000000000000e+09 9.685963493072551334e-01
2.852000000000000000e+09 9.682599380681718992e-01
2.853000000000000000e+09 9.687173385453878849e-01
2.854000000000000000e+09 9.631587016578657678e-01
2.855000000000000000e+09 9.591270040338881753e-01
2.856000000000000000e+09 9.543314041944735981e-01
2.857000000000000000e+09 9.501243720574986673e-01
2.858000000000000000e+09 9.345954288233998541e-01
2.859000000000000000e+09 9.386254933415569823e-01
2.860000000000000000e+09 9.286295220958877827e-01
2.861000000000000000e+09 9.146791710856453372e-01
2.862000000000000000e+09 9.101057275108990208e-01
2.863000000000000000e+09 8.985743109908871373e-01
2.864000000000000000e+09 8.902154311131049713e-01
2.865000000000000000e+09 8.815315769495386533e-01
2.866000000000000000e+09 8.809350064484231524e-01
2.867000000000000000e+09 8.679869799281313414e-01
2.868000000000000000e+09 8.620658938666920790e-01
2.869000000000000000e+09 8.578259246535104854e-01
2.870000000000000000e+09 8.537076766611979561e-01
2.871000000000000000e+09 8.579201080416996028e-01
2.872000000000000000e+09 8.602786405762354871e-01
2.873000000000000000e+09 8.663268040009526327e-01
2.874000000000000000e+09 8.698826330099853621e-01
2.875000000000000000e+09 8.842942606345052248e-01
2.876000000000000000e+09 8.937809272625076851e-01
2.877000000000000000e+09 9.014300625373573572e-01
2.878000000000000000e+09 9.141501570814899447e-01
2.879000000000000000e+09 9.192420848467540706e-01
2.880000000000000000e+09 9.399562500936428089e-01
2.881000000000000000e+09 9.386934149483575629e-01
2.882000000000000000e+09 9.424304495177088237e-01
2.883000000000000000e+09 9.583994525182070179e-01
2.884000000000000000e+09 9.594845906626797705e-01
2.885000000000000000e+09 9.637370153337035950e-01
2.886000000000000000e+09 9.715773938970360124e-01
2.887000000000000000e+09 9.648321691253227694e-01
2.888000000000000000e+09 9.718110818526541905e-01
2.889000000000000000e+09 9.691234555020642460e-01
2.890000000000000000e+09 9.768045117826043011e-01
