bins	start time(ps)	counts
0	0	17
1	6860131	22
2	13720586	19
3	20581428	15
4	27441588	21
5	34301570	11
6	41162122	11
7	48022223	13
8	54882671	13
9	61743536	21
10	68603706	15
11	75463926	21
12	82324392	26
13	89185243	11
14	96044996	16
15	102905031	14
16	109766047	14
17	116626281	9
18	123486478	11
19	130346680	13
20	137207491	13
21	144067887	19
22	150927716	13
23	157788407	15
24	164649088	20
25	171509440	19
26	178369646	17
27	185230138	23
28	192090159	27
29	198950905	15
30	205811475	18
31	212671683	17
32	219531673	13
33	226391962	17
34	233252649	22
35	240112748	16
36	246973099	15
37	253833812	19
38	260694276	19
39	267554286	18
40	274414556	21
41	281275245	16
42	288135515	14
43	294995698	18
44	301856388	20
45	308716910	14
46	315577134	25
47	322437335	18
48	329297934	23
49	336158160	12
50	343018503	24
51	349878699	13
52	356739304	16
53	363599746	15
54	370459524	25
55	377320120	24
56	384180713	16
57	391041094	8
58	397901043	15
59	404761765	14
60	411622229	15
61	418482701	17
62	425343098	20
63	432203012	16
64	439063529	16
65	445923855	11
66	452784461	14
67	459644838	19
68	466504730	16
69	473365535	19
70	480225966	19
71	487086287	19
72	493946352	18
73	500807241	12
74	507667752	22
75	514527606	10
76	521388270	13
77	528248672	14
78	535109103	17
79	541969266	23
80	548829754	23
81	555689911	18
82	562550178	23
83	569410881	25
84	576271128	26
85	583131278	21
86	589991720	16
87	596852506	15
88	603712356	23
89	610572657	11
90	617433466	11
91	624293712	18
92	631154215	18
93	638014269	21
94	644874876	17
95	651735383	12
96	658595356	14
97	665455739	21
98	672316303	15
99	679176637	19
100	686036937	14
101	692897406	22
102	699758059	17
103	706618126	17
104	713478393	15
105	720338793	16
106	727199308	16
107	734059278	20
108	740919860	20
109	747780395	18
110	754640775	14
111	761500612	13
112	768361272	18
113	775221744	18
114	782082211	14
115	788942822	15
116	795803097	16
117	802663155	17
118	809523636	18
119	816384496	13
120	823244521	15
121	830104901	16
122	836965428	23
123	843825929	12
124	850685724	15
125	857545969	11
126	864406932	22
127	871267099	13
128	878127066	16
129	884987562	19
130	891848110	20
131	898708519	23
132	905568543	13
133	912429171	14
134	919289696	21
135	926149974	18
136	933010203	17
137	939870778	8
138	946731378	13
139	953591294	19
140	960451593	24
141	967312290	17
142	974172375	13
143	981032930	13
144	987893546	12
145	994753837	17
146	1001613832	15
147	1008474341	23
148	1015334790	19
149	1022195492	17
150	1029055703	21
151	1035915848	23
152	1042776512	17
153	1049636591	12
154	1056496836	19
155	1063357618	12
156	1070217918	16
157	1077077740	23
158	1083938018	16
159	1090798929	15
160	1097659330	16
161	1104519313	20
162	1111379825	22
163	1118240413	7
164	1125100855	18
165	1131960861	20
166	1138821637	20
167	1145682075	20
168	1152542302	10
169	1159402409	20
170	1166263098	21
171	1173123504	17
172	1179983532	18
173	1186843854	14
174	1193704599	17
175	1200564954	14
176	1207424862	16
177	1214285472	21
178	1221145999	12
179	1228006523	24
180	1234866572	17
181	1241727095	19
182	1248587393	21
183	1255447526	15
184	1262307780	20
185	1269168782	16
186	1276028997	13
187	1282889280	13
188	1289749562	18
189	1296609767	17
190	1303470255	8
191	1310330878	20
192	1317191455	14
193	1324051371	16
194	1330911532	15
195	1337772432	13
196	1344632811	17
197	1351492795	21
198	1358353457	14
199	1365213943	18
200	1372074020	14
201	1378934405	18
202	1385795024	15
203	1392655444	21
204	1399515667	11
205	1406375604	15
206	1413236186	13
207	1420096555	22
208	1426956829	15
209	1433817332	10
210	1440677710	17
211	1447538338	10
212	1454398114	18
213	1461258970	21
214	1468119585	20
215	1474979380	26
216	1481840010	20
217	1488700578	13
218	1495561061	18
219	1502421010	13
220	1509280937	16
221	1516141925	20
222	1523002331	14
223	1529862833	22
224	1536723088	12
225	1543583468	16
226	1550443747	17
227	1557304124	25
228	1564164551	16
229	1571024928	17
230	1577884832	14
231	1584745324	16
232	1591605444	19
233	1598466237	18
234	1605326660	15
235	1612186948	23
236	1619047564	15
237	1625907686	17
238	1632767849	25
239	1639628661	23
240	1646489327	20
241	1653349342	26
242	1660209795	16
243	1667070391	17
244	1673930579	15
245	1680790935	17
246	1687651381	15
247	1694511577	15
248	1701371881	19
249	1708232379	17
250	1715092617	20
251	1721952968	21
252	1728813542	10
253	1735673836	20
254	1742533997	15
255	1749394596	22
256	1756255116	18
257	1763115332	20
258	1769975832	16
259	1776835835	20
260	1783696318	12
261	1790556720	22
262	1797416842	14
263	1804277408	11
264	1811137788	24
265	1817998159	22
266	1824858510	18
267	1831719054	21
268	1838579524	17
269	1845439735	15
270	1852300389	19
271	1859160615	13
272	1866020794	23
273	1872881377	16
274	1879741480	15
275	1886601941	21
276	1893462400	15
277	1900322858	12
278	1907183076	8
279	1914043546	23
280	1920903830	19
281	1927764162	25
282	1934624365	23
283	1941484817	16
284	1948344879	21
285	1955205474	18
286	1962066013	10
287	1968926283	18
288	1975786790	14
289	1982647105	16
290	1989507712	10
291	1996367915	15
292	2003228344	15
293	2010088695	17
294	2016948967	18
295	2023809493	23
296	2030670011	16
297	2037530105	8
298	2044390525	14
299	2051251048	14
300	2058111059	17
301	2064971610	18
302	2071831722	16
303	2078692424	19
304	2085552825	10
305	2092413091	19
306	2099273306	16
307	2106133568	17
308	2112994062	20
309	2119854450	19
310	2126714637	16
311	2133575365	18
312	2140435643	21
313	2147296150	18
314	2154156542	25
315	2161016697	18
316	2167877110	22
317	2174737553	18
318	2181598029	19
319	2188458542	23
320	2195318738	12
321	2202178857	15
322	2209039474	12
323	2215899520	15
324	2222760318	18
325	2229620533	12
326	2236480950	15
327	2243341376	20
328	2250201473	14
329	2257061623	15
330	2263922057	18
331	2270782574	21
332	2277643091	14
333	2284503176	19
334	2291363774	22
335	2298224338	15
336	2305084626	20
337	2311944803	18
338	2318805152	17
339	2325665558	15
340	2332525948	18
341	2339386551	21
342	2346246958	19
343	2353107001	15
344	2359967528	17
345	2366827824	15
346	2373688246	22
347	2380548867	9
348	2387408956	15
349	2394269385	19
350	2401129700	20
351	2407989959	14
352	2414850362	17
353	2421710675	20
354	2428571292	14
355	2435431404	13
356	2442292078	14
357	2449152248	15
358	2456012594	18
359	2462872845	17
360	2469733436	17
361	2476593863	18
362	2483454166	15
363	2490314454	16
364	2497174825	11
365	2504035473	18
366	2510895683	16
367	2517756013	17
368	2524616455	17
369	2531476899	21
370	2538337343	12
371	2545197740	15
372	2552057997	18
373	2558918017	20
374	2565778294	16
375	2572638981	14
376	2579499688	16
377	2586359588	17
378	2593219780	22
379	2600080583	26
380	2606940889	17
381	2613801280	21
382	2620661559	17
383	2627522038	14
384	2634382112	16
385	2641242709	18
386	2648103047	12
387	2654963272	26
388	2661823744	18
389	2668684377	10
390	2675544520	17
391	2682404664	24
392	2689265083	20
393	2696125715	22
394	2702986249	17
395	2709846251	16
396	2716706565	14
397	2723567244	15
398	2730427652	17
399	2737287723	20
400	2744148171	13
401	2751008617	20
402	2757868645	9
403	2764729119	21
404	2771589720	13
405	2778449890	18
406	2785310458	19
407	2792170672	15
408	2799030948	12
409	2805891471	23
410	2812752033	21
411	2819612316	19
412	2826472546	16
413	2833333162	16
414	2840193579	21
415	2847054061	18
416	2853913855	17
417	2860774241	14
418	2867635112	13
419	2874495415	9
420	2881355460	12
421	2888215842	17
422	2895076570	14
423	2901936532	11
424	2908796662	21
425	2915657478	23
426	2922517745	26
427	2929377970	21
428	2936238580	13
429	2943098948	19
430	2949959388	15
431	2956819339	24
432	2963679876	20
433	2970540457	17
434	2977401017	19
435	2984260949	20
436	2991121756	14
437	2997982132	16
438	3004841907	16
439	3011702290	17
440	3018563294	15
441	3025423510	15
442	3032283876	19
443	3039144244	29
444	3046004287	13
445	3052864792	13
446	3059725521	20
447	3066585714	18
448	3073445620	16
449	3080306157	15
450	3087166842	16
451	3094027043	15
452	3100887234	24
453	3107747821	12
454	3114608152	16
455	3121468471	16
456	3128328699	27
457	3135189166	19
458	3142049863	20
459	3148909947	24
460	3155770175	21
461	3162630756	12
462	3169491336	20
463	3176351533	18
464	3183211701	13
465	3190072008	8
466	3196932536	25
467	3203792985	17
468	3210653564	19
469	3217513516	16
470	3224374284	17
471	3231234731	20
472	3238094991	19
473	3244955125	16
474	3251815654	18
475	3258676138	13
476	3265536316	21
477	3272396409	18
478	3279257040	14
479	3286117560	18
480	3292977741	15
481	3299838121	17
482	3306698817	14
483	3313558880	20
484	3320419054	22
485	3327279608	21
486	3334140122	15
487	3341000484	21
488	3347860713	19
489	3354721373	15
490	3361581671	15
491	3368441620	20
492	3375302397	18
493	3382162780	20
494	3389023203	14
495	3395883124	24
496	3402743665	18
497	3409604289	16
498	3416464621	15
499	3423325037	14
500	3430185214	14
501	3437045223	16
502	3443906085	14
503	3450766360	18
504	3457626806	17
505	3464486570	18
506	3471347303	18
507	3478208060	19
508	3485067942	17
509	3491928271	17
510	3498788811	17
511	3505649142	16
512	3512509831	25
513	3519370198	18
514	3526230521	21
515	3533090950	18
516	3539950956	14
517	3546811460	21
518	3553671877	19
519	3560532438	16
520	3567392968	15
521	3574253271	23
522	3581113120	18
523	3587973911	25
524	3594834261	22
525	3601694603	18
526	3608554500	16
527	3615414788	19
528	3622275277	15
529	3629136038	25
530	3635996490	15
531	3642856739	13
532	3649717029	20
533	3656577812	14
534	3663437931	26
535	3670298488	15
536	3677159006	18
537	3684018982	16
538	3690879079	13
539	3697739689	14
540	3704600194	13
541	3711460661	18
542	3718320716	15
543	3725181456	16
544	3732041946	20
545	3738902351	21
546	3745762347	21
547	3752622618	19
548	3759482804	16
549	3766343530	12
550	3773203737	15
551	3780063937	14
552	3786924223	19
553	3793784593	18
554	3800645133	18
555	3807505627	14
556	3814366203	13
557	3821226601	19
558	3828087069	29
559	3834947387	14
560	3841807657	14
561	3848668007	20
562	3855528313	17
563	3862388656	17
564	3869249022	15
565	3876109338	13
566	3882969765	13
567	3889830167	14
568	3896690280	15
569	3903550868	15
570	3910411419	15
571	3917271513	24
572	3924132094	19
573	3930992535	7
574	3937852629	17
575	3944713118	21
576	3951573526	24
577	3958433686	14
578	3965294401	17
579	3972154437	22
580	3979014943	15
581	3985875233	19
582	3992735843	22
583	3999595820	20
584	4006456317	19
585	4013316835	15
586	4020177157	15
587	4027037460	18
588	4033898043	20
589	4040758323	20
590	4047618521	14
591	4054478985	17
592	4061339489	19
593	4068199741	12
594	4075060334	18
595	4081920528	17
596	4088780859	11
597	4095641212	15
598	4102501575	11
599	4109361914	21
600	4116222177	12
601	4123082815	20
602	4129942950	14
603	4136803361	16
604	4143663853	17
605	4150524309	25
606	4157384664	11
607	4164244643	9
608	4171105378	16
609	4177965537	16
610	4184825988	18
611	4191686520	17
612	4198546460	25
613	4205407249	21
614	4212267598	18
615	4219128250	17
616	4225988474	18
617	4232848715	11
618	4239708915	17
619	4246569503	17
620	4253429770	17
621	4260290013	21
622	4267150358	13
623	4274010960	25
624	4280871125	22
625	4287731577	18
626	4294591888	16
627	4301451982	21
628	4308312820	14
629	4315172935	17
630	4322033573	23
631	4328893902	17
632	4335754512	17
633	4342614559	8
634	4349474914	17
635	4356335458	14
636	4363195585	20
637	4370056216	22
638	4376916212	16
639	4383776915	16
640	4390637340	22
641	4397497715	24
642	4404357869	24
643	4411218156	20
644	4418078664	23
645	4424939395	22
646	4431799168	30
647	4438659415	18
648	4445520190	14
649	4452380457	20
650	4459240782	14
651	4466101149	13
652	4472961425	18
653	4479821824	17
654	4486682258	15
655	4493542999	15
656	4500403201	18
657	4507263659	19
658	4514123942	15
659	4520984307	15
660	4527844745	14
661	4534704929	20
662	4541565232	12
663	4548425602	16
664	4555286212	12
665	4562146308	19
666	4569006523	12
667	4575867138	24
668	4582727925	19
669	4589588166	20
670	4596448349	18
671	4603308625	18
672	4610168959	18
673	4617029549	17
674	4623889831	20
675	4630749897	24
676	4637610537	19
677	4644470769	16
678	4651331206	18
679	4658191556	14
680	4665051779	20
681	4671912345	14
682	4678772400	19
683	4685633237	14
684	4692493562	22
685	4699353813	19
686	4706214291	14
687	4713074591	21
688	4719934993	14
689	4726795326	17
690	4733655857	14
691	4740516019	19
692	4747376355	22
693	4754237000	23
694	4761097217	15
695	4767957620	22
696	4774817951	25
697	4781678395	19
698	4788538670	15
699	4795399047	16
700	4802259416	24
701	4809119682	15
702	4815980083	20
703	4822840407	22
704	4829700853	15
705	4836561219	18
706	4843421560	22
707	4850281876	22
708	4857142168	15
709	4864002420	19
710	4870863131	18
711	4877723404	14
712	4884583781	16
713	4891444244	18
714	4898304635	18
715	4905164971	16
716	4912025289	18
717	4918885782	18
718	4925746104	17
719	4932606394	16
720	4939466887	21
721	4946327221	12
722	4953187353	21
723	4960047841	22
724	4966908359	19
725	4973768599	16
726	4980629168	20
727	4987489502	20
728	4994349747	15
729	5001209961	14
730	5008070495	16
731	5014931074	17
732	5021791478	17
733	5028651580	10
734	5035511909	15
735	5042372388	16
736	5049232977	21
737	5056093433	20
738	5062953626	26
739	5069813863	15
740	5076674218	21
741	5083534572	19
742	5090395034	18
743	5097255441	20
744	5104115854	17
745	5110976104	18
746	5117836430	22
747	5124696839	23
748	5131557191	17
749	5138417465	18
750	5145278005	17
751	5152138395	20
752	5158998624	18
753	5165858866	19
754	5172719259	20
755	5179579818	15
756	5186440041	24
757	5193300272	18
758	5200160965	12
759	5207021387	20
760	5213881676	14
761	5220741982	18
762	5227602416	16
763	5234462712	16
764	5241323271	11
765	5248183581	17
766	5255043909	20
767	5261904290	17
768	5268764837	18
769	5275624846	13
770	5282485567	15
771	5289345496	14
772	5296205785	18
773	5303066382	16
774	5309926756	18
775	5316787451	18
776	5323647619	20
777	5330507814	15
778	5337368251	17
779	5344228861	22
780	5351088857	21
781	5357949563	17
782	5364809936	16
783	5371670040	21
784	5378530460	24
785	5385390883	19
786	5392251169	22
787	5399111645	12
788	5405972010	14
789	5412832313	9
790	5419692872	20
791	5426553378	18
792	5433413526	20
793	5440273984	24
794	5447134364	13
795	5453994504	22
796	5460854664	20
797	5467715281	14
798	5474575922	12
799	5481436233	12
800	5488296129	17
801	5495156678	18
802	5502017208	17
803	5508877530	7
804	5515737835	19
805	5522598373	20
806	5529458677	19
807	5536319067	20
808	5543179461	20
809	5550039528	15
810	5556900281	16
811	5563760798	16
812	5570621221	21
813	5577481274	25
814	5584341665	16
815	5591201959	22
816	5598062374	20
817	5604922820	15
818	5611783462	17
819	5618643526	19
820	5625503993	16
821	5632364214	10
822	5639224748	13
823	5646084852	15
824	5652945339	19
825	5659805495	18
826	5666665847	21
827	5673526334	17
828	5680386647	16
829	5687247371	20
830	5694107729	19
831	5700967877	24
832	5707828217	15
833	5714688749	17
834	5721549247	11
835	5728409832	11
836	5735270005	16
837	5742130255	15
838	5748990582	16
839	5755850680	10
840	5762711122	19
841	5769571571	15
842	5776432104	14
843	5783292212	19
844	5790152785	21
845	5797013134	11
846	5803873534	15
847	5810733731	17
848	5817594341	18
849	5824454801	19
850	5831315042	13
851	5838175238	22
852	5845035582	13
853	5851895763	28
854	5858756277	20
855	5865616905	16
856	5872477146	11
857	5879337462	14
858	5886197903	18
859	5893058255	18
860	5899918637	18
861	5906779075	16
862	5913639619	18
863	5920499914	14
864	5927360244	14
865	5934220686	19
866	5941080878	20
867	5947941177	17
868	5954801854	29
869	5961662117	16
870	5968522404	20
871	5975382823	16
872	5982243130	19
873	5989103519	20
874	5995963843	21
875	6002824170	19
876	6009684467	14
877	6016544865	17
878	6023405255	20
879	6030265708	20
880	6037125849	16
881	6043986391	23
882	6050847122	15
883	6057707136	16
884	6064567370	20
885	6071427817	17
886	6078288353	15
887	6085148828	16
888	6092009177	17
889	6098869416	23
890	6105729984	19
891	6112590173	15
892	6119450385	15
893	6126310922	17
894	6133171149	22
895	6140031677	12
896	6146892357	16
897	6153752301	20
898	6160612765	15
899	6167473194	10
900	6174333276	16
901	6181193639	22
902	6188054117	12
903	6194914637	13
904	6201774813	13
905	6208635379	11
906	6215495838	15
907	6222356108	13
908	6229216651	11
909	6236077147	21
910	6242937128	13
911	6249797469	19
912	6256658050	19
913	6263518141	18
914	6270378734	14
915	6277238787	22
916	6284099222	11
917	6290959777	14
918	6297820390	17
919	6304680787	25
920	6311540974	16
921	6318401186	22
922	6325261747	23
923	6332121960	21
924	6338982232	11
925	6345842970	18
926	6352702822	20
927	6359563496	16
928	6366423821	20
929	6373284310	18
930	6380144447	21
931	6387004921	15
932	6393865693	19
933	6400725898	16
934	6407586124	13
935	6414446369	11
936	6421306695	18
937	6428167097	18
938	6435027658	18
939	6441888145	17
940	6448748618	20
941	6455608545	12
942	6462468987	13
943	6469329672	25
944	6476189868	23
945	6483050561	16
946	6489910617	18
947	6496770821	14
948	6503631132	19
949	6510491471	21
950	6517351984	15
951	6524212317	19
952	6531072465	12
953	6537933058	14
954	6544793180	17
955	6551653665	22
956	6558514156	15
957	6565374513	21
958	6572235048	13
959	6579095386	21
960	6585956052	11
961	6592816423	15
962	6599676733	21
963	6606536828	16
964	6613397204	17
965	6620257743	21
966	6627117948	19
967	6633978575	17
968	6640838763	15
969	6647699137	18
970	6654559481	11
971	6661419755	17
972	6668280264	14
973	6675140765	25
974	6682000909	20
975	6688861119	20
976	6695721651	15
977	6702581922	18
978	6709442258	19
979	6716302810	17
980	6723163213	13
981	6730023446	23
982	6736884180	15
983	6743743946	23
984	6750604618	19
985	6757464923	16
986	6764325445	18
987	6771186029	21
988	6778046091	20
989	6784906478	16
990	6791766782	18
991	6798627326	12
992	6805487667	17
993	6812348029	20
994	6819208267	18
995	6826068515	16
996	6832929257	19
997	6839789536	18
998	6846649766	4
999	6853510266	22
