bins	start time(ps)	counts
0	0	16
1	7010345	18
2	14020298	25
3	21030857	22
4	28041678	14
5	35052010	14
6	42061874	18
7	49072541	14
8	56083055	22
9	63093280	15
10	70103642	30
11	77114185	21
12	84124147	18
13	91134722	23
14	98145461	17
15	105155489	21
16	112166050	17
17	119176692	19
18	126186728	10
19	133196869	18
20	140207172	20
21	147217866	13
22	154228423	20
23	161238235	24
24	168248879	20
25	175259397	11
26	182269599	15
27	189279973	14
28	196290821	19
29	203301125	12
30	210311119	20
31	217321682	11
32	224332008	14
33	231342382	19
34	238352566	14
35	245363227	16
36	252373641	15
37	259383701	18
38	266394150	23
39	273404869	19
40	280414935	19
41	287425096	18
42	294435772	21
43	301446344	13
44	308456721	16
45	315466904	13
46	322477346	14
47	329487589	22
48	336497963	12
49	343508283	25
50	350518945	14
51	357529076	15
52	364539237	21
53	371549965	16
54	378560552	20
55	385570532	25
56	392580889	17
57	399591545	13
58	406601823	24
59	413612221	15
60	420622731	22
61	427633070	22
62	434643119	16
63	441653644	13
64	448664220	17
65	455674963	22
66	462684856	15
67	469695207	17
68	476705453	16
69	483715987	19
70	490726067	20
71	497736838	23
72	504747307	17
73	511757450	9
74	518767752	22
75	525778456	20
76	532788818	14
77	539798805	16
78	546809525	10
79	553820192	19
80	560830474	22
81	567840698	16
82	574850934	17
83	581861058	22
84	588871485	18
85	595882155	19
86	602892455	16
87	609902784	21
88	616913150	17
89	623923692	16
90	630933900	16
91	637944151	15
92	644955008	13
93	651965196	13
94	658975136	20
95	665985726	20
96	672996485	12
97	680006574	13
98	687017006	15
99	694027186	22
100	701037642	29
101	708048121	17
102	715058468	18
103	722068804	18
104	729079235	17
105	736090063	15
106	743100327	16
107	750109989	9
108	757120520	18
109	764131581	22
110	771141638	21
111	778151730	11
112	785162135	14
113	792172836	17
114	799182998	18
115	806193313	18
116	813203806	18
117	820214053	21
118	827224414	21
119	834234734	15
120	841245309	14
121	848255756	16
122	855265966	13
123	862276549	19
124	869287132	19
125	876297319	22
126	883307576	14
127	890318157	18
128	897328359	13
129	904338529	25
130	911348710	17
131	918359316	15
132	925369873	17
133	932380189	12
134	939390590	15
135	946400988	25
136	953411564	13
137	960421733	12
138	967431915	19
139	974442445	13
140	981453036	19
141	988463727	23
142	995473773	19
143	1002483983	16
144	1009494584	17
145	1016504678	13
146	1023514791	18
147	1030525390	15
148	1037536090	19
149	1044546213	14
150	1051556725	13
151	1058567083	20
152	1065577482	16
153	1072587712	16
154	1079598134	13
155	1086608151	11
156	1093618861	17
157	1100629684	18
158	1107639615	18
159	1114649851	14
160	1121660216	13
161	1128671243	17
162	1135681330	14
163	1142691362	14
164	1149701904	19
165	1156712439	21
166	1163722484	22
167	1170733106	17
168	1177743513	13
169	1184754137	19
170	1191763938	18
171	1198774836	8
172	1205785407	18
173	1212795419	16
174	1219805983	13
175	1226816116	13
176	1233826598	18
177	1240836853	20
178	1247847296	20
179	1254857797	17
180	1261867799	12
181	1268877997	18
182	1275888724	21
183	1282899213	18
184	1289909392	18
185	1296919918	16
186	1303930753	19
187	1310940807	19
188	1317950966	21
189	1324961598	16
190	1331971612	18
191	1338982294	24
192	1345992677	19
193	1353003008	25
194	1360013042	17
195	1367023621	18
196	1374034223	18
197	1381044149	14
198	1388054695	10
199	1395065240	14
200	1402075588	18
201	1409085833	18
202	1416096213	17
203	1423107146	12
204	1430117374	24
205	1437127204	13
206	1444137983	28
207	1451148400	20
208	1458158385	18
209	1465168835	16
210	1472179288	20
211	1479189951	22
212	1486199680	15
213	1493210344	23
214	1500221028	13
215	1507231166	15
216	1514241719	23
217	1521252415	20
218	1528262700	15
219	1535272722	17
220	1542282810	15
221	1549293770	13
222	1556304003	16
223	1563314142	17
224	1570324335	9
225	1577335068	20
226	1584345370	14
227	1591355801	22
228	1598366196	12
229	1605376957	18
230	1612387057	16
231	1619397150	21
232	1626407866	15
233	1633418201	16
234	1640428211	20
235	1647438781	17
236	1654449385	15
237	1661459530	16
238	1668469798	22
239	1675480474	11
240	1682490744	24
241	1689500837	13
242	1696511092	24
243	1703521836	19
244	1710532295	18
245	1717542508	16
246	1724552986	20
247	1731563547	16
248	1738573812	15
249	1745584108	20
250	1752594488	15
251	1759605107	21
252	1766615141	11
253	1773625750	15
254	1780636538	18
255	1787646402	13
256	1794656712	20
257	1801667184	26
258	1808677760	14
259	1815687991	18
260	1822698025	17
261	1829708487	16
262	1836718745	24
263	1843729580	28
264	1850740145	12
265	1857750039	16
266	1864760556	8
267	1871771109	15
268	1878781665	15
269	1885791563	17
270	1892802096	17
271	1899812143	17
272	1906822466	9
273	1913832916	15
274	1920843625	17
275	1927854180	22
276	1934864038	18
277	1941874830	19
278	1948885113	19
279	1955895974	8
280	1962905985	14
281	1969916364	10
282	1976926565	12
283	1983937188	18
284	1990947407	19
285	1997957857	12
286	2004967998	19
287	2011978316	20
288	2018988922	20
289	2025998930	18
290	2033009528	21
291	2040020098	15
292	2047030700	17
293	2054040699	14
294	2061051472	24
295	2068061652	16
296	2075071957	15
297	2082082311	22
298	2089092878	21
299	2096103149	18
300	2103113050	15
301	2110123767	10
302	2117134266	19
303	2124144750	13
304	2131154750	15
305	2138165269	14
306	2145175714	19
307	2152185620	19
308	2159196173	11
309	2166206998	12
310	2173217388	18
311	2180227557	17
312	2187238341	18
313	2194248386	18
314	2201259120	19
315	2208269495	25
316	2215279600	22
317	2222289761	21
318	2229300172	17
319	2236310721	22
320	2243321054	22
321	2250330830	15
322	2257341629	13
323	2264352269	15
324	2271362434	19
325	2278373065	19
326	2285383338	12
327	2292393750	22
328	2299403907	25
329	2306414654	19
330	2313424649	22
331	2320435065	20
332	2327445682	16
333	2334456023	19
334	2341466166	15
335	2348476686	13
336	2355487084	15
337	2362497205	26
338	2369507435	15
339	2376518144	19
340	2383528681	17
341	2390538706	13
342	2397549294	19
343	2404560124	11
344	2411570177	23
345	2418580327	15
346	2425591063	16
347	2432601492	23
348	2439611312	24
349	2446621878	21
350	2453632409	13
351	2460643229	19
352	2467652871	17
353	2474663640	14
354	2481674093	13
355	2488684275	27
356	2495694301	15
357	2502704916	16
358	2509715285	17
359	2516725635	14
360	2523736097	13
361	2530746621	19
362	2537757238	22
363	2544767601	19
364	2551777711	16
365	2558787767	13
366	2565798505	22
367	2572808983	16
368	2579819238	21
369	2586829206	18
370	2593839955	23
371	2600850416	19
372	2607860631	18
373	2614871189	21
374	2621881785	19
375	2628891884	16
376	2635901885	16
377	2642912752	19
378	2649923309	17
379	2656933574	17
380	2663943573	18
381	2670953948	19
382	2677964541	15
383	2684974550	13
384	2691984853	18
385	2698995593	20
386	2706005923	23
387	2713016160	14
388	2720027057	17
389	2727037259	21
390	2734047333	17
391	2741057621	19
392	2748068247	19
393	2755079035	19
394	2762088919	12
395	2769099358	18
396	2776109774	19
397	2783119788	18
398	2790130160	14
399	2797141011	17
400	2804151406	19
401	2811161869	17
402	2818172051	19
403	2825182200	12
404	2832192887	23
405	2839203307	24
406	2846213727	21
407	2853224080	13
408	2860234354	16
409	2867244464	21
410	2874255086	19
411	2881265638	16
412	2888275851	20
413	2895286283	17
414	2902296829	18
415	2909306774	21
416	2916316921	24
417	2923327760	15
418	2930338241	16
419	2937348407	20
420	2944358518	20
421	2951369373	26
422	2958379816	19
423	2965390008	11
424	2972400459	20
425	2979410895	21
426	2986421237	18
427	2993431613	15
428	3000442207	18
429	3007452159	12
430	3014462332	19
431	3021472999	12
432	3028483528	33
433	3035493840	18
434	3042504178	19
435	3049514564	17
436	3056525017	11
437	3063535520	18
438	3070545744	15
439	3077556137	21
440	3084566671	21
441	3091576972	21
442	3098587325	21
443	3105597675	22
444	3112608090	16
445	3119618647	10
446	3126628969	19
447	3133639145	17
448	3140649488	14
449	3147659889	18
450	3154670269	28
451	3161680528	14
452	3168691133	17
453	3175701386	19
454	3182711755	16
455	3189722310	14
456	3196732702	16
457	3203742992	19
458	3210753375	9
459	3217763832	16
460	3224773953	14
461	3231784381	18
462	3238795019	14
463	3245805312	14
464	3252815672	19
465	3259825936	14
466	3266836634	21
467	3273846714	18
468	3280856987	17
469	3287867433	20
470	3294877866	20
471	3301888340	18
472	3308898705	21
473	3315908809	12
474	3322919327	18
475	3329929716	22
476	3336940150	16
477	3343950504	22
478	3350960673	18
479	3357971244	19
480	3364981681	15
481	3371992058	21
482	3379002552	20
483	3386012896	13
484	3393023284	23
485	3400033664	24
486	3407043994	12
487	3414054264	20
488	3421064533	20
489	3428075027	15
490	3435085737	23
491	3442096143	19
492	3449106287	17
493	3456116582	16
494	3463127024	25
495	3470137513	20
496	3477147640	18
497	3484157960	13
498	3491168170	18
499	3498178911	14
500	3505189386	14
501	3512199721	14
502	3519209859	22
503	3526220057	15
504	3533230716	16
505	3540241155	18
506	3547251627	12
507	3554262117	18
508	3561272282	11
509	3568282453	16
510	3575292721	21
511	3582303173	16
512	3589313731	13
513	3596324074	23
514	3603334516	15
515	3610344887	19
516	3617355511	20
517	3624365658	18
518	3631376148	17
519	3638386649	16
520	3645396877	17
521	3652407607	22
522	3659417505	15
523	3666427883	18
524	3673438094	22
525	3680448521	17
526	3687459001	18
527	3694469443	12
528	3701479824	17
529	3708490149	21
530	3715500282	19
531	3722510958	20
532	3729521544	19
533	3736531891	18
534	3743542202	18
535	3750552214	24
536	3757562886	24
537	3764573204	20
538	3771583690	18
539	3778594119	16
540	3785604498	20
541	3792614838	14
542	3799624988	18
543	3806635331	17
544	3813645788	21
545	3820656354	15
546	3827666946	15
547	3834676992	10
548	3841687395	20
549	3848697788	25
550	3855708343	18
551	3862718645	24
552	3869728853	23
553	3876739320	22
554	3883749928	18
555	3890760313	15
556	3897770285	20
557	3904780617	28
558	3911791285	16
559	3918801485	15
560	3925811497	20
561	3932822189	19
562	3939832503	26
563	3946843217	13
564	3953853686	15
565	3960863758	24
566	3967874222	13
567	3974884515	21
568	3981894807	16
569	3988905369	19
570	3995915807	19
571	4002925831	13
572	4009936572	22
573	4016946659	21
574	4023956888	21
575	4030967532	22
576	4037978195	17
577	4044988110	22
578	4051998542	20
579	4059009038	16
580	4066019407	20
581	4073029741	20
582	4080040223	17
583	4087050546	16
584	4094060753	18
585	4101071411	15
586	4108082013	11
587	4115092132	26
588	4122102225	14
589	4129112855	19
590	4136123209	28
591	4143133457	21
592	4150143824	11
593	4157154696	15
594	4164164830	11
595	4171174665	17
596	4178185599	19
597	4185196358	20
598	4192206374	20
599	4199216537	14
600	4206227181	22
601	4213237211	12
602	4220247856	18
603	4227258233	22
604	4234268642	22
605	4241278741	17
606	4248289171	14
607	4255300097	16
608	4262309894	18
609	4269320140	16
610	4276330959	26
611	4283341297	21
612	4290351141	20
613	4297362173	17
614	4304372604	18
615	4311382541	22
616	4318392627	12
617	4325403606	20
618	4332413945	15
619	4339423895	14
620	4346434623	13
621	4353445138	19
622	4360455305	11
623	4367465113	14
624	4374476090	19
625	4381486490	17
626	4388497048	17
627	4395507332	17
628	4402518046	17
629	4409527886	12
630	4416538195	11
631	4423548802	15
632	4430559431	18
633	4437569727	18
634	4444579774	21
635	4451590206	22
636	4458600429	18
637	4465611079	21
638	4472621549	15
639	4479631766	17
640	4486642198	12
641	4493652457	13
642	4500662826	14
643	4507672935	24
644	4514683678	19
645	4521694403	13
646	4528704754	10
647	4535714818	27
648	4542725212	21
649	4549735520	17
650	4556745837	18
651	4563756011	19
652	4570766688	22
653	4577777046	22
654	4584787327	29
655	4591797732	29
656	4598808225	15
657	4605818372	23
658	4612828982	20
659	4619839486	14
660	4626849431	16
661	4633860180	18
662	4640870602	13
663	4647880992	16
664	4654890989	20
665	4661901541	19
666	4668912151	19
667	4675922288	15
668	4682932494	17
669	4689943229	19
670	4696953649	22
671	4703963673	17
672	4710974145	23
673	4717984813	21
674	4724994784	19
675	4732005096	11
676	4739016077	8
677	4746026517	18
678	4753036697	18
679	4760047101	16
680	4767057488	23
681	4774067814	12
682	4781077595	13
683	4788088408	18
684	4795098925	11
685	4802109113	23
686	4809119453	18
687	4816130031	19
688	4823140215	12
689	4830150842	18
690	4837161267	18
691	4844171448	17
692	4851181568	13
693	4858192404	13
694	4865202670	14
695	4872212836	11
696	4879223568	12
697	4886233741	16
698	4893244204	19
699	4900254140	23
700	4907264818	18
701	4914275437	22
702	4921285471	17
703	4928295995	14
704	4935306575	17
705	4942316707	12
706	4949327098	19
707	4956337496	15
708	4963347880	26
709	4970358293	13
710	4977368990	18
711	4984379294	17
712	4991389161	21
713	4998399812	16
714	5005410424	16
715	5012420417	14
716	5019430760	19
717	5026441267	15
718	5033451673	29
719	5040461947	21
720	5047472668	20
721	5054483021	16
722	5061493027	21
723	5068503339	17
724	5075513949	18
725	5082524486	14
726	5089534564	25
727	5096545077	22
728	5103555392	15
729	5110565989	17
730	5117576092	24
731	5124586317	19
732	5131597070	18
733	5138607219	23
734	5145617392	14
735	5152628070	24
736	5159638707	17
737	5166648697	18
738	5173659355	15
739	5180669911	11
740	5187680139	16
741	5194690653	16
742	5201700833	18
743	5208710727	10
744	5215721132	19
745	5222731676	17
746	5229742454	8
747	5236752660	25
748	5243763118	17
749	5250773574	22
750	5257783436	20
751	5264794114	12
752	5271804781	19
753	5278815023	15
754	5285825106	16
755	5292835726	20
756	5299846366	13
757	5306856378	25
758	5313866408	14
759	5320877457	19
760	5327888170	15
761	5334898103	19
762	5341908244	20
763	5348918680	16
764	5355929149	17
765	5362939274	19
766	5369949749	10
767	5376960151	17
768	5383970550	16
769	5390980900	18
770	5397991357	17
771	5405002080	15
772	5412011932	14
773	5419022625	19
774	5426033041	25
775	5433043217	19
776	5440053445	16
777	5447063835	18
778	5454074406	16
779	5461084681	19
780	5468095075	19
781	5475105575	16
782	5482116000	10
783	5489126202	16
784	5496136629	10
785	5503147444	14
786	5510157503	19
787	5517167814	14
788	5524178354	19
789	5531188291	13
790	5538198937	19
791	5545209544	14
792	5552219635	13
793	5559229951	13
794	5566240451	17
795	5573251051	13
796	5580261315	22
797	5587271670	16
798	5594282013	21
799	5601292351	13
800	5608302689	20
801	5615313137	20
802	5622323970	10
803	5629334065	17
804	5636344308	16
805	5643354677	23
806	5650365030	13
807	5657375480	22
808	5664385589	22
809	5671396220	18
810	5678406516	17
811	5685417193	15
812	5692427068	20
813	5699437700	27
814	5706447828	18
815	5713458478	21
816	5720469126	14
817	5727479170	15
818	5734489460	27
819	5741500143	20
820	5748510326	16
821	5755520720	12
822	5762531159	17
823	5769541463	9
824	5776551694	15
825	5783562056	23
826	5790572410	18
827	5797583143	18
828	5804593182	18
829	5811603815	18
830	5818614100	17
831	5825624474	19
832	5832634923	19
833	5839645220	16
834	5846655693	16
835	5853666106	18
836	5860676524	19
837	5867686871	19
838	5874697098	15
839	5881707448	18
840	5888717938	14
841	5895728309	14
842	5902738550	22
843	5909749322	14
844	5916759500	11
845	5923769446	14
846	5930779874	14
847	5937790645	24
848	5944800943	17
849	5951811437	20
850	5958821722	13
851	5965832252	17
852	5972842511	12
853	5979852940	22
854	5986863397	14
855	5993873340	18
856	6000883830	21
857	6007894235	10
858	6014904578	20
859	6021915035	11
860	6028924989	19
861	6035935698	21
862	6042946404	18
863	6049956694	18
864	6056967158	25
865	6063977527	21
866	6070987770	22
867	6077998130	20
868	6085008600	22
869	6092018911	21
870	6099029497	13
871	6106039797	17
872	6113050199	16
873	6120060251	19
874	6127070764	18
875	6134081124	13
876	6141091575	13
877	6148101926	17
878	6155112408	20
879	6162122864	24
880	6169132928	23
881	6176143529	18
882	6183153800	15
883	6190164180	17
884	6197174621	20
885	6204185110	21
886	6211195188	16
887	6218205989	15
888	6225216196	19
889	6232226192	27
890	6239236660	10
891	6246247089	18
892	6253257502	24
893	6260267986	19
894	6267278512	21
895	6274288832	15
896	6281299232	13
897	6288309571	18
898	6295319964	18
899	6302330128	15
900	6309340502	22
901	6316351007	25
902	6323361400	17
903	6330371879	18
904	6337382041	18
905	6344392357	13
906	6351402980	20
907	6358413145	22
908	6365423585	22
909	6372434305	13
910	6379444556	19
911	6386454983	25
912	6393465156	18
913	6400475739	15
914	6407486151	17
915	6414496314	16
916	6421506802	10
917	6428517069	13
918	6435527441	16
919	6442537935	15
920	6449547986	13
921	6456558556	16
922	6463568946	21
923	6470579331	17
924	6477589586	14
925	6484600232	16
926	6491610610	15
927	6498620877	19
928	6505631371	23
929	6512641617	19
930	6519651836	19
931	6526662388	19
932	6533672694	26
933	6540683185	19
934	6547693604	13
935	6554703797	20
936	6561714170	22
937	6568724482	10
938	6575735173	15
939	6582745421	14
940	6589755618	22
941	6596766200	9
942	6603776674	21
943	6610786872	15
944	6617797356	16
945	6624808028	19
946	6631818174	14
947	6638828461	19
948	6645838818	19
949	6652849058	17
950	6659859349	16
951	6666870009	12
952	6673880216	20
953	6680890549	21
954	6687901021	11
955	6694911378	17
956	6701921720	16
957	6708932089	20
958	6715942456	16
959	6722953009	16
960	6729963450	16
961	6736973828	13
962	6743984172	18
963	6750994617	17
964	6758004843	16
965	6765015239	20
966	6772025422	22
967	6779035988	20
968	6786046499	14
969	6793056725	16
970	6800067275	10
971	6807077788	20
972	6814088032	17
973	6821098469	12
974	6828108751	20
975	6835119226	14
976	6842129202	11
977	6849139867	12
978	6856150250	20
979	6863160460	22
980	6870170839	12
981	6877181291	16
982	6884191815	17
983	6891202341	18
984	6898212179	14
985	6905222630	13
986	6912232889	19
987	6919243552	17
988	6926254335	23
989	6933264658	17
990	6940274832	15
991	6947285020	18
992	6954295246	18
993	6961305823	18
994	6968316402	25
995	6975326508	18
996	6982336778	13
997	6989347290	11
998	6996357682	12
999	7003367853	19
