bins	start time(ps)	counts
0	0	13
1	6809896	14
2	13620129	11
3	20430686	22
4	27241012	13
5	34051429	19
6	40862057	22
7	47672509	9
8	54482488	17
9	61292778	17
10	68103843	17
11	74914005	18
12	81723748	15
13	88534643	20
14	95344894	17
15	102155335	20
16	108965441	13
17	115776063	16
18	122586623	18
19	129396634	23
20	136206789	17
21	143017533	18
22	149827806	23
23	156638093	17
24	163448722	12
25	170259459	15
26	177069466	15
27	183879479	15
28	190690176	16
29	197500586	16
30	204310829	16
31	211120999	18
32	217931454	17
33	224741813	19
34	231551804	18
35	238362453	25
36	245173053	14
37	251983568	14
38	258793764	20
39	265603859	17
40	272414470	15
41	279225120	17
42	286035215	22
43	292845583	16
44	299655617	12
45	306466369	17
46	313276961	14
47	320087025	16
48	326897167	15
49	333707786	11
50	340518272	9
51	347328546	17
52	354138824	15
53	360949311	14
54	367759923	12
55	374570073	14
56	381380343	16
57	388191011	11
58	395001143	21
59	401811261	13
60	408621928	18
61	415432010	15
62	422242563	10
63	429053285	17
64	435863347	17
65	442673089	23
66	449484044	13
67	456294316	15
68	463104568	18
69	469914965	20
70	476725408	16
71	483536032	15
72	490346491	23
73	497156600	22
74	503967363	19
75	510777468	13
76	517587471	20
77	524397490	16
78	531208479	19
79	538018863	14
80	544829082	13
81	551639689	14
82	558449909	21
83	565260217	16
84	572070508	20
85	578881251	10
86	585691690	12
87	592502036	24
88	599312030	14
89	606122852	16
90	612933201	18
91	619742937	13
92	626553583	19
93	633363995	11
94	640174551	12
95	646984607	13
96	653795048	13
97	660605098	15
98	667415778	15
99	674226192	19
100	681036550	16
101	687846828	18
102	694657528	17
103	701467858	19
104	708277961	24
105	715088007	19
106	721898778	19
107	728709184	16
108	735519374	19
109	742329604	15
110	749140645	16
111	755950960	16
112	762760665	20
113	769571289	13
114	776381770	10
115	783192084	16
116	790002209	15
117	796812701	16
118	803623457	18
119	810433616	14
120	817243757	11
121	824054131	18
122	830864996	15
123	837674969	18
124	844485162	21
125	851295899	15
126	858106402	18
127	864916011	18
128	871726672	19
129	878537419	14
130	885347567	12
131	892157733	22
132	898968183	16
133	905778412	22
134	912588858	14
135	919399380	12
136	926210292	20
137	933020358	8
138	939830238	16
139	946640649	19
140	953451414	16
141	960261985	11
142	967071839	13
143	973882312	26
144	980693069	16
145	987503307	19
146	994313473	18
147	1001124083	11
148	1007934511	11
149	1014744434	18
150	1021554871	16
151	1028365478	14
152	1035175796	14
153	1041986010	11
154	1048796139	17
155	1055606991	19
156	1062417197	21
157	1069227303	13
158	1076038019	17
159	1082848367	19
160	1089658512	17
161	1096468610	15
162	1103279310	15
163	1110089575	17
164	1116899974	18
165	1123710235	16
166	1130520779	23
167	1137331308	18
168	1144141554	22
169	1150951933	12
170	1157762279	13
171	1164572710	20
172	1171383523	19
173	1178193723	18
174	1185003714	13
175	1191814282	20
176	1198624556	24
177	1205435003	16
178	1212244982	12
179	1219055519	18
180	1225866069	12
181	1232676379	17
182	1239486320	15
183	1246297181	13
184	1253107433	15
185	1259917696	18
186	1266727821	7
187	1273538432	18
188	1280348929	10
189	1287159328	12
190	1293969870	18
191	1300779844	16
192	1307590314	14
193	1314400974	17
194	1321211138	17
195	1328021525	17
196	1334831531	22
197	1341642282	15
198	1348452797	16
199	1355262769	18
200	1362073214	18
201	1368883851	18
202	1375694271	12
203	1382504435	22
204	1389314977	18
205	1396125343	13
206	1402935710	20
207	1409745756	18
208	1416556359	13
209	1423366805	14
210	1430176976	8
211	1436987136	15
212	1443797617	15
213	1450607996	18
214	1457418415	17
215	1464228962	10
216	1471039303	16
217	1477849516	14
218	1484659648	15
219	1491470308	24
220	1498280823	13
221	1505090894	16
222	1511901303	15
223	1518711732	11
224	1525522284	20
225	1532332616	21
226	1539142887	23
227	1545953304	18
228	1552763545	13
229	1559574101	13
230	1566384494	17
231	1573195029	17
232	1580005065	18
233	1586815596	13
234	1593626151	21
235	1600436035	21
236	1607246413	16
237	1614057094	13
238	1620867535	14
239	1627677532	19
240	1634488092	12
241	1641298320	21
242	1648108575	11
243	1654919087	11
244	1661729598	21
245	1668539893	12
246	1675350452	22
247	1682160990	19
248	1688970841	16
249	1695781238	19
250	1702591875	11
251	1709402100	16
252	1716212402	12
253	1723022716	13
254	1729833289	17
255	1736643784	14
256	1743453778	20
257	1750264355	21
258	1757075082	19
259	1763884811	13
260	1770695427	13
261	1777505954	21
262	1784316328	17
263	1791126495	17
264	1797936919	15
265	1804747153	25
266	1811557884	14
267	1818368003	13
268	1825178549	14
269	1831988977	15
270	1838799092	17
271	1845609000	18
272	1852419412	19
273	1859230146	8
274	1866040561	14
275	1872850543	18
276	1879661337	20
277	1886471785	27
278	1893282149	17
279	1900092233	17
280	1906902860	18
281	1913712853	27
282	1920523781	9
283	1927334278	16
284	1934144565	14
285	1940954409	19
286	1947765147	16
287	1954575546	17
288	1961385414	16
289	1968195760	16
290	1975006690	17
291	1981817051	19
292	1988627035	15
293	1995437348	9
294	2002248249	12
295	2009058398	21
296	2015868157	19
297	2022679131	15
298	2029489587	16
299	2036299646	16
300	2043110000	14
301	2049920430	18
302	2056730873	17
303	2063540951	12
304	2070351345	20
305	2077161963	11
306	2083972574	18
307	2090782521	20
308	2097593073	15
309	2104403615	16
310	2111213770	22
311	2118023713	11
312	2124834706	12
313	2131645340	20
314	2138455174	23
315	2145265738	17
316	2152075939	19
317	2158886295	17
318	2165696667	12
319	2172507203	16
320	2179317859	10
321	2186127879	21
322	2192938046	16
323	2199748210	19
324	2206559263	14
325	2213369323	22
326	2220179513	15
327	2226990156	13
328	2233800750	17
329	2240610392	19
330	2247420944	12
331	2254231626	15
332	2261041911	12
333	2267852067	17
334	2274662442	20
335	2281473101	17
336	2288283444	16
337	2295093445	11
338	2301904137	24
339	2308714599	17
340	2315524502	15
341	2322335177	15
342	2329145816	12
343	2335955939	19
344	2342766141	17
345	2349576200	15
346	2356387186	17
347	2363197709	17
348	2370008147	11
349	2376818129	15
350	2383628718	18
351	2390439020	14
352	2397249359	18
353	2404059865	17
354	2410870067	15
355	2417680661	17
356	2424490972	8
357	2431301399	21
358	2438111610	22
359	2444921719	14
360	2451732157	17
361	2458542468	16
362	2465353039	13
363	2472163352	21
364	2478973843	17
365	2485783934	15
366	2492594261	22
367	2499404685	18
368	2506215177	17
369	2513025562	17
370	2519835953	14
371	2526646485	20
372	2533456469	19
373	2540267046	17
374	2547077415	13
375	2553887756	15
376	2560698277	19
377	2567508546	19
378	2574318841	20
379	2581129524	14
380	2587939662	15
381	2594750195	17
382	2601560471	19
383	2608370738	14
384	2615181239	15
385	2621991745	17
386	2628801934	15
387	2635612276	14
388	2642422516	19
389	2649232936	15
390	2656043277	21
391	2662853736	25
392	2669664336	19
393	2676474418	16
394	2683284773	17
395	2690095270	19
396	2696905412	17
397	2703715893	16
398	2710526153	18
399	2717336683	21
400	2724146948	16
401	2730957606	19
402	2737767476	24
403	2744577737	12
404	2751388301	24
405	2758198851	18
406	2765009144	10
407	2771819540	19
408	2778629852	28
409	2785440270	18
410	2792250618	14
411	2799061416	18
412	2805871761	18
413	2812681937	16
414	2819492186	15
415	2826302553	17
416	2833113099	20
417	2839923323	20
418	2846733574	22
419	2853544087	15
420	2860354390	17
421	2867164786	19
422	2873975088	17
423	2880785493	14
424	2887595672	12
425	2894406682	21
426	2901216793	25
427	2908026849	19
428	2914837198	23
429	2921647559	20
430	2928458022	9
431	2935268519	17
432	2942078788	11
433	2948889079	16
434	2955699428	25
435	2962509984	14
436	2969320231	14
437	2976130607	14
438	2982941064	17
439	2989751470	16
440	2996561781	16
441	3003372261	16
442	3010182666	17
443	3016992836	17
444	3023803246	15
445	3030613621	18
446	3037424098	18
447	3044234203	16
448	3051044830	11
449	3057855205	17
450	3064665249	11
451	3071475717	14
452	3078286260	22
453	3085096290	17
454	3091906807	16
455	3098717162	22
456	3105527793	15
457	3112338065	20
458	3119148112	6
459	3125958797	20
460	3132769220	12
461	3139579206	16
462	3146389697	19
463	3153200089	13
464	3160010662	16
465	3166820801	17
466	3173631032	14
467	3180441582	14
468	3187252122	19
469	3194062507	12
470	3200872893	18
471	3207683218	20
472	3214493652	17
473	3221303803	23
474	3228114524	15
475	3234924821	16
476	3241735024	15
477	3248545156	19
478	3255355679	19
479	3262165948	18
480	3268976081	18
481	3275787078	20
482	3282597175	13
483	3289407266	14
484	3296217703	18
485	3303028169	21
486	3309838668	17
487	3316649007	13
488	3323459252	17
489	3330269443	20
490	3337079841	19
491	3343890347	16
492	3350700908	8
493	3357510740	21
494	3364321428	15
495	3371132011	22
496	3377942441	18
497	3384752378	17
498	3391562798	20
499	3398373396	19
500	3405183675	18
501	3411994051	16
502	3418804515	22
503	3425614945	21
504	3432425184	15
505	3439235374	17
506	3446046252	16
507	3452856556	23
508	3459666453	17
509	3466476750	15
510	3473287512	14
511	3480098139	12
512	3486907816	13
513	3493718577	20
514	3500529055	15
515	3507339405	19
516	3514149261	9
517	3520959773	19
518	3527770427	12
519	3534580773	18
520	3541391130	23
521	3548201416	16
522	3555011754	12
523	3561822375	21
524	3568632870	19
525	3575442864	14
526	3582253042	17
527	3589063922	13
528	3595874218	18
529	3602684164	21
530	3609494515	16
531	3616305179	22
532	3623115640	12
533	3629925709	12
534	3636736078	18
535	3643546757	13
536	3650356960	15
537	3657166968	14
538	3663977731	19
539	3670788219	20
540	3677598355	18
541	3684409047	17
542	3691219425	18
543	3698029742	16
544	3704839611	14
545	3711650268	13
546	3718460915	14
547	3725271171	13
548	3732080757	13
549	3738891665	17
550	3745702270	12
551	3752512499	6
552	3759322517	13
553	3766132887	16
554	3772943324	19
555	3779753987	20
556	3786564339	15
557	3793374850	18
558	3800184921	19
559	3806995431	17
560	3813805979	20
561	3820615968	17
562	3827426136	16
563	3834236924	21
564	3841047448	14
565	3847857829	13
566	3854667868	19
567	3861478506	18
568	3868288862	18
569	3875099062	14
570	3881909405	13
571	3888719923	15
572	3895530496	19
573	3902340937	8
574	3909151103	23
575	3915961256	26
576	3922771677	20
577	3929582223	7
578	3936392378	17
579	3943202234	21
580	3950013135	15
581	3956823692	18
582	3963633763	14
583	3970443955	13
584	3977254575	16
585	3984065042	14
586	3990875260	16
587	3997685729	16
588	4004496145	18
589	4011306621	20
590	4018116654	18
591	4024927289	19
592	4031737714	14
593	4038548106	23
594	4045358046	20
595	4052168568	15
596	4058979349	19
597	4065789502	15
598	4072599360	23
599	4079410074	15
600	4086220856	15
601	4093030943	14
602	4099841358	16
603	4106651818	22
604	4113461998	18
605	4120272147	16
606	4127082845	15
607	4133893379	18
608	4140703214	17
609	4147513619	17
610	4154324016	14
611	4161134267	15
612	4167944907	18
613	4174755912	14
614	4181565758	15
615	4188375775	14
616	4195186208	19
617	4201997013	20
618	4208807308	20
619	4215617293	11
620	4222428018	13
621	4229238223	5
622	4236048308	19
623	4242858647	21
624	4249669351	8
625	4256479908	11
626	4263290086	15
627	4270100181	13
628	4276910977	15
629	4283721468	15
630	4290531258	15
631	4297341960	13
632	4304152418	13
633	4310962418	19
634	4317772770	20
635	4324583692	15
636	4331394182	26
637	4338204054	16
638	4345014278	14
639	4351824847	22
640	4358635587	15
641	4365445314	14
642	4372255878	19
643	4379066275	22
644	4385876692	25
645	4392686907	19
646	4399497606	17
647	4406307619	15
648	4413117863	14
649	4419928549	16
650	4426739007	21
651	4433549372	12
652	4440359544	11
653	4447169957	19
654	4453980424	18
655	4460790720	20
656	4467601044	17
657	4474411429	17
658	4481221865	21
659	4488032347	24
660	4494842631	11
661	4501653254	13
662	4508463512	21
663	4515273572	18
664	4522084112	20
665	4528894462	12
666	4535705080	12
667	4542515405	20
668	4549325433	13
669	4556135909	21
670	4562946438	11
671	4569756693	15
672	4576566868	16
673	4583377382	13
674	4590187555	15
675	4596998257	20
676	4603808491	21
677	4610618899	21
678	4617429208	16
679	4624239818	17
680	4631049943	26
681	4637860399	20
682	4644670549	14
683	4651481183	17
684	4658291721	19
685	4665101846	17
686	4671912025	20
687	4678722572	11
688	4685532802	18
689	4692343239	17
690	4699153600	16
691	4705964183	22
692	4712774596	13
693	4719584765	19
694	4726395266	21
695	4733205615	12
696	4740016032	18
697	4746826269	22
698	4753636795	21
699	4760446460	13
700	4767257283	13
701	4774067603	19
702	4780877924	19
703	4787688292	15
704	4794498986	18
705	4801309239	17
706	4808119837	14
707	4814929991	17
708	4821740371	24
709	4828550765	25
710	4835360985	15
711	4842171477	7
712	4848981874	15
713	4855792083	20
714	4862602624	13
715	4869412966	14
716	4876222981	14
717	4883033464	17
718	4889843970	16
719	4896654143	19
720	4903464836	15
721	4910275135	18
722	4917085511	18
723	4923895888	13
724	4930706269	17
725	4937516764	21
726	4944327118	20
727	4951137283	12
728	4957947727	15
729	4964758026	22
730	4971568260	18
731	4978378744	21
732	4985189162	17
733	4991999251	13
734	4998809896	12
735	5005620193	17
736	5012430746	14
737	5019241064	14
738	5026051358	10
739	5032861781	19
740	5039671966	20
741	5046482571	23
742	5053292616	17
743	5060103117	12
744	5066913601	12
745	5073724236	18
746	5080534311	18
747	5087344714	15
748	5094154962	19
749	5100965483	21
750	5107775952	12
751	5114586244	14
752	5121396571	13
753	5128206563	18
754	5135017146	21
755	5141827599	15
756	5148638010	14
757	5155448643	18
758	5162258778	16
759	5169069245	16
760	5175879282	13
761	5182689961	16
762	5189499867	17
763	5196310419	9
764	5203120610	11
765	5209931371	14
766	5216741748	18
767	5223552041	19
768	5230362566	12
769	5237173019	15
770	5243983196	21
771	5250793331	18
772	5257603851	19
773	5264414203	16
774	5271224633	13
775	5278035188	17
776	5284845364	21
777	5291655705	20
778	5298465904	15
779	5305276541	17
780	5312087240	20
781	5318897022	14
782	5325707602	15
783	5332517817	15
784	5339328196	17
785	5346138686	18
786	5352949144	12
787	5359759334	11
788	5366569753	21
789	5373380134	19
790	5380190206	12
791	5387000703	13
792	5393811219	13
793	5400621239	15
794	5407431945	10
795	5414242640	17
796	5421052902	13
797	5427862860	15
798	5434673265	16
799	5441483467	18
800	5448294193	19
801	5455104509	19
802	5461914837	24
803	5468725273	21
804	5475535573	21
805	5482345954	13
806	5489156470	16
807	5495966989	14
808	5502777013	25
809	5509587490	20
810	5516398035	14
811	5523208326	11
812	5530018424	22
813	5536829133	17
814	5543639709	22
815	5550449689	20
816	5557260191	18
817	5564070696	15
818	5570880753	12
819	5577690849	20
820	5584501180	17
821	5591311860	16
822	5598122188	22
823	5604932638	18
824	5611743074	18
825	5618553070	17
826	5625363650	21
827	5632174082	22
828	5638984477	20
829	5645794540	19
830	5652605052	19
831	5659415499	23
832	5666225964	17
833	5673036309	15
834	5679846895	13
835	5686656927	9
836	5693467449	12
837	5700278039	26
838	5707088398	20
839	5713898606	17
840	5720709238	11
841	5727519328	16
842	5734329839	18
843	5741139856	22
844	5747950201	25
845	5754760674	20
846	5761571099	14
847	5768381484	25
848	5775191897	12
849	5782002186	26
850	5788812375	11
851	5795622757	19
852	5802433399	22
853	5809243585	10
854	5816053962	14
855	5822864582	14
856	5829674805	13
857	5836484902	15
858	5843295237	16
859	5850105884	21
860	5856916355	20
861	5863726446	18
862	5870537094	12
863	5877347447	17
864	5884157360	22
865	5890968123	14
866	5897778498	15
867	5904588712	19
868	5911399109	21
869	5918209514	17
870	5925019910	21
871	5931830454	14
872	5938640558	21
873	5945451038	15
874	5952261417	14
875	5959071749	25
876	5965881971	15
877	5972692624	19
878	5979502977	10
879	5986313273	20
880	5993123612	21
881	5999934061	14
882	6006744497	14
883	6013554776	19
884	6020365078	17
885	6027175422	23
886	6033985756	12
887	6040796026	10
888	6047606379	19
889	6054416841	19
890	6061227026	15
891	6068037588	22
892	6074848260	13
893	6081658354	21
894	6088468863	13
895	6095279096	16
896	6102089533	16
897	6108899831	14
898	6115710283	18
899	6122520583	17
900	6129330966	15
901	6136141463	16
902	6142951610	14
903	6149762116	13
904	6156572433	13
905	6163382964	18
906	6170193385	23
907	6177003446	19
908	6183813945	25
909	6190624423	24
910	6197434763	23
911	6204245231	18
912	6211055092	15
913	6217865531	18
914	6224676228	12
915	6231486581	16
916	6238296865	14
917	6245107115	18
918	6251917555	17
919	6258727961	13
920	6265538127	18
921	6272348586	21
922	6279158607	25
923	6285969445	16
924	6292779778	15
925	6299590042	17
926	6306400553	21
927	6313210923	21
928	6320021377	7
929	6326831540	18
930	6333641894	16
931	6340452296	8
932	6347262680	19
933	6354073192	13
934	6360883582	20
935	6367693824	15
936	6374504252	18
937	6381314686	18
938	6388125156	16
939	6394935466	19
940	6401745721	17
941	6408556039	18
942	6415366342	23
943	6422176695	15
944	6428986791	15
945	6435797076	18
946	6442607887	19
947	6449418338	23
948	6456228682	20
949	6463038874	17
950	6469849422	15
951	6476659618	13
952	6483470035	18
953	6490280461	16
954	6497090916	12
955	6503901140	10
956	6510711631	10
957	6517521949	17
958	6524332029	18
959	6531142425	19
960	6537952974	17
961	6544763435	17
962	6551573988	17
963	6558384393	12
964	6565194664	19
965	6572004917	18
966	6578815316	18
967	6585625597	17
968	6592436173	20
969	6599246491	21
970	6606056592	18
971	6612867001	19
972	6619677327	18
973	6626487683	18
974	6633298454	18
975	6640108434	20
976	6646918917	19
977	6653729315	10
978	6660539476	23
979	6667350172	11
980	6674160430	17
981	6680970611	16
982	6687781196	20
983	6694591552	22
984	6701401979	18
985	6708212113	19
986	6715022628	23
987	6721832899	12
988	6728643015	15
989	6735453673	15
990	6742264102	16
991	6749074135	12
992	6755884864	22
993	6762695253	19
994	6769505603	15
995	6776315728	13
996	6783126318	24
997	6789936539	22
998	6796747248	23
999	6803557426	24
